1.000000000000000000e+00 4.382862516623114324e+00 1.132776084598203781e+00
2.000000000000000000e+00 3.343123375331067848e+00 1.162453142311873355e+00
3.000000000000000000e+00 2.998074830881130470e+00 3.482062616872403815e+00
4.000000000000000000e+00 2.558731461726754475e+00 4.138063813662081536e+00
5.000000000000000000e+00 2.619843540769634771e+00 1.543672539034094404e+00
6.000000000000000000e+00 2.575364655093334232e+00 5.932031537508517527e-01
7.000000000000000000e+00 2.356443128764799333e+00 7.036260081999423655e-01
8.000000000000000000e+00 2.573342604844072401e+00 6.757559699603123970e-01
9.000000000000000000e+00 2.519573527874733543e+00 6.628772439010660600e-01
1.000000000000000000e+01 2.333189212599999784e+00 6.513112351977473624e-01
1.100000000000000000e+01 2.118201549309207010e+00 5.684668736547311418e-01
1.200000000000000000e+01 2.211973498979247665e+00 6.242673710268240583e-01
1.300000000000000000e+01 2.383195090716799580e+00 5.975967920497659014e-01
1.400000000000000000e+01 2.202446713000488554e+00 6.112215579674646904e-01
1.500000000000000000e+01 1.849722155446223759e+00 8.235481339868847561e-01
1.600000000000000000e+01 2.351923188326334735e+00 6.765133484438980993e-01
1.700000000000000000e+01 1.688246717459823465e+00 2.276608652547601253e+00
1.800000000000000000e+01 2.003193956313346291e+00 6.514494668382742049e-01
1.900000000000000000e+01 2.097242696888657498e+00 6.326514261976963205e-01
2.000000000000000000e+01 2.181441847272593382e+00 7.407258999890999895e-01
2.100000000000000000e+01 1.995616700341575678e+00 9.087192691043618487e-01
2.200000000000000000e+01 1.896815954961559969e+00 6.585718992568212471e-01
2.300000000000000000e+01 1.931454133585768007e+00 1.620772619229858824e+00
2.400000000000000000e+01 1.913294159765669411e+00 5.856016839157800469e-01
2.500000000000000000e+01 1.967671737287253642e+00 5.860768048437287048e-01
2.600000000000000000e+01 1.741690107754298555e+00 1.251853337236767505e+00
2.700000000000000000e+01 1.824081902380113585e+00 6.096690372231818866e-01
2.800000000000000000e+01 1.924524619573294570e+00 8.818519345557082056e-01
2.900000000000000000e+01 1.647255069763889246e+00 1.556459384133924484e+00
3.000000000000000000e+01 1.650456211519347072e+00 7.073085298487072903e-01
3.100000000000000000e+01 1.615978618613397311e+00 6.033757074908341345e-01
3.200000000000000000e+01 1.889937261070935293e+00 5.581485918316061445e-01
3.300000000000000000e+01 1.656686124777553060e+00 1.643638800839636316e+00
3.400000000000000000e+01 1.620310460808772834e+00 6.297203184132921239e-01
3.500000000000000000e+01 1.553118342854080236e+00 8.734800409695417933e-01
3.600000000000000000e+01 1.501503860908933730e+00 5.996866817448797127e-01
3.700000000000000000e+01 1.625886734537403955e+00 5.968460835336679704e-01
3.800000000000000000e+01 1.726499680159474748e+00 5.889753544298637067e-01
3.900000000000000000e+01 1.935006793524456592e+00 5.987432920261618330e-01
4.000000000000000000e+01 1.626232594619795746e+00 7.363034592237293063e-01
4.100000000000000000e+01 1.451363644967175404e+00 6.788179983082789359e-01
4.200000000000000000e+01 1.824052921552087092e+00 6.573263218191929269e-01
4.300000000000000000e+01 1.246871806733258037e+00 7.825396225535518058e-01
4.400000000000000000e+01 1.973921375593753691e+00 6.271206428154544321e-01
4.500000000000000000e+01 1.414282709879326916e+00 6.585237832874778485e-01
4.600000000000000000e+01 1.599061183850901902e+00 9.521126125517224148e-01
4.700000000000000000e+01 1.523414942768070324e+00 6.084731488061654314e-01
4.800000000000000000e+01 1.355245893387466705e+00 8.678743538843722849e-01
4.900000000000000000e+01 1.660435094499572939e+00 1.161394403862889169e+00
5.000000000000000000e+01 1.665837981635194254e+00 1.446184935662446103e+00
5.100000000000000000e+01 1.284931177310562944e+00 6.157366379336441931e-01
5.200000000000000000e+01 1.722010395141563066e+00 8.257118742363702690e-01
5.300000000000000000e+01 1.477604400235563720e+00 1.076317152452852310e+00
5.400000000000000000e+01 1.288798636165947586e+00 8.314422009457851370e-01
5.500000000000000000e+01 1.374965745737403822e+00 5.829987139228841597e-01
5.600000000000000000e+01 1.762356601790004307e+00 1.528508308465934551e+00
5.700000000000000000e+01 1.266345382756283611e+00 5.928866431796199210e-01
5.800000000000000000e+01 1.551532383145582061e+00 6.831776763414889597e-01
5.900000000000000000e+01 1.210069830260001034e+00 1.923275801595350387e+00
6.000000000000000000e+01 1.631249627681693681e+00 7.741583659246203952e-01
6.100000000000000000e+01 1.275266259207668007e+00 6.318405125160319047e-01
6.200000000000000000e+01 1.553482780402356989e+00 1.645612940112323619e+00
6.300000000000000000e+01 1.420017144028280276e+00 7.635194171849268852e-01
6.400000000000000000e+01 1.398730014297151936e+00 7.209432086740038548e-01
6.500000000000000000e+01 1.393031714760807782e+00 5.934766860174429670e-01
6.600000000000000000e+01 1.238701152865706145e+00 6.769729223072369351e-01
6.700000000000000000e+01 1.465916019264640546e+00 6.568827785691371268e-01
6.800000000000000000e+01 1.337207228955415994e+00 9.203341952437690265e-01
6.900000000000000000e+01 1.097534352837388205e+00 6.603838067911265153e-01
7.000000000000000000e+01 1.387798366646318060e+00 6.616989399728442356e-01
7.100000000000000000e+01 1.524039306310599917e+00 6.492553962139917534e-01
7.200000000000000000e+01 1.154595594939303416e+00 7.414279417122336957e-01
7.300000000000000000e+01 1.403708721419320238e+00 9.179597690341939620e-01
7.400000000000000000e+01 1.110175786299532730e+00 6.187602709829008729e-01
7.500000000000000000e+01 1.300061072514514748e+00 6.683215158554568491e-01
7.600000000000000000e+01 1.323501156682563407e+00 1.723516484447842334e+00
7.700000000000000000e+01 1.081265023304459172e+00 8.039789880568476432e-01
7.800000000000000000e+01 1.392468346535951751e+00 6.503003570413461443e-01
7.900000000000000000e+01 1.269676015371002942e+00 8.358987943736222448e-01
8.000000000000000000e+01 1.305904087629127908e+00 6.503085192023269068e-01
8.100000000000000000e+01 1.149429625920340037e+00 6.512116631617814733e-01
8.200000000000000000e+01 1.387068439632569206e+00 6.420871712886615512e-01
8.300000000000000000e+01 1.097530661763011173e+00 6.464218569185394836e-01
8.400000000000000000e+01 1.277311474987954831e+00 7.606471454170370405e-01
8.500000000000000000e+01 1.267529126602447098e+00 7.902147098776481915e-01
8.600000000000000000e+01 1.203909392140883661e+00 8.716922536612196071e-01
8.700000000000000000e+01 1.465222858121435046e+00 7.138293272049114346e-01
8.800000000000000000e+01 1.087686975545282042e+00 6.321501862906898639e-01
8.900000000000000000e+01 1.241743183037809617e+00 7.185723028937229806e-01
9.000000000000000000e+01 1.206853884234977192e+00 1.061233466655894908e+00
9.100000000000000000e+01 1.104878259879169988e+00 7.265170796627014038e-01
9.200000000000000000e+01 1.186607929679990292e+00 6.628293767371701284e-01
9.300000000000000000e+01 1.250112994584925419e+00 7.264489053721082668e-01
9.400000000000000000e+01 1.244916407979663742e+00 7.294027511300095190e-01
9.500000000000000000e+01 1.226207632806280756e+00 9.741332885726846635e-01
9.600000000000000000e+01 1.130589125312730259e+00 7.134752462121181082e-01
9.700000000000000000e+01 1.237453520826648390e+00 6.548092371656811794e-01
9.800000000000000000e+01 1.207794236799599075e+00 7.526734015896876517e-01
9.900000000000000000e+01 1.234730922814571530e+00 6.851990484999587183e-01
1.000000000000000000e+02 1.157709419859486610e+00 1.344079408505007622e+00
1.010000000000000000e+02 1.208757376591540700e+00 8.231335619499472456e-01
1.020000000000000000e+02 1.041577779872907561e+00 6.748051959771572683e-01
1.030000000000000000e+02 1.255807057474598754e+00 6.967969305074246389e-01
1.040000000000000000e+02 1.121981016974197498e+00 7.539630850262680761e-01
1.050000000000000000e+02 1.033365183402210397e+00 6.836373690945213299e-01
1.060000000000000000e+02 1.276881860580329597e+00 7.052267869739685668e-01
1.070000000000000000e+02 1.091450397183633125e+00 6.575843853221822188e-01
1.080000000000000000e+02 1.174565625560785920e+00 1.145553465103655633e+00
1.090000000000000000e+02 1.146832910262220562e+00 6.738558665676985804e-01
1.100000000000000000e+02 1.148828860321564393e+00 6.377343079999049369e-01
1.110000000000000000e+02 1.082917119511177528e+00 1.155167812636326952e+00
1.120000000000000000e+02 1.122683534147922879e+00 6.893758808959264961e-01
1.130000000000000000e+02 9.682857909080232472e-01 6.717560566142800615e-01
1.140000000000000000e+02 1.209689942669709861e+00 1.080001178599554468e+00
1.150000000000000000e+02 1.006141145923374003e+00 7.623075039073545778e-01
1.160000000000000000e+02 1.026655749389619565e+00 6.623132289574549247e-01
1.170000000000000000e+02 9.507117256645328807e-01 6.760342491855569902e-01
1.180000000000000000e+02 1.075828231698846782e+00 6.775885593475668989e-01
1.190000000000000000e+02 1.059836671138663089e+00 8.752247922861544627e-01
1.200000000000000000e+02 1.065659508585816484e+00 1.087907819102341023e+00
1.210000000000000000e+02 1.155657468338272542e+00 7.208506134176382307e-01
1.220000000000000000e+02 9.933347620841707082e-01 7.828943363463271021e-01
1.230000000000000000e+02 1.076069684416958827e+00 6.694418987703706359e-01
1.240000000000000000e+02 1.047589669144994851e+00 8.088650089805951016e-01
1.250000000000000000e+02 9.636105311834476383e-01 6.844416859961706123e-01
1.260000000000000000e+02 1.169243616207438219e+00 8.282799150285388157e-01
1.270000000000000000e+02 8.969818881164444146e-01 7.284685673726467581e-01
1.280000000000000000e+02 1.004927205768498588e+00 8.644171299627575467e-01
1.290000000000000000e+02 1.078284659244457711e+00 1.143973031168648680e+00
1.300000000000000000e+02 1.013797794074975833e+00 7.459237038609809467e-01
1.310000000000000000e+02 9.554608722143925759e-01 9.268702874234789890e-01
1.320000000000000000e+02 8.699196564800043552e-01 7.609581640514547773e-01
1.330000000000000000e+02 1.123741048289357281e+00 8.378298292211169285e-01
1.340000000000000000e+02 9.297997513110403123e-01 7.035491201257577654e-01
1.350000000000000000e+02 9.872790389891826779e-01 7.941550387134500566e-01
1.360000000000000000e+02 9.998854800685885724e-01 1.356293390407638855e+00
1.370000000000000000e+02 9.734218938746405092e-01 8.987205891443001970e-01
1.380000000000000000e+02 8.862716951380849029e-01 1.165589537601368741e+00
1.390000000000000000e+02 1.026514096731319325e+00 6.490616887887744602e-01
1.400000000000000000e+02 9.553329721447180178e-01 1.308180646346657205e+00
1.410000000000000000e+02 9.850860729148049888e-01 2.286335657732736060e+00
1.420000000000000000e+02 9.798814037231483587e-01 7.992834865887107343e-01
1.430000000000000000e+02 9.408752470028562964e-01 1.129003542358050671e+00
1.440000000000000000e+02 1.043284145268526864e+00 6.755351799742466135e-01
1.450000000000000000e+02 8.648365608755455014e-01 6.561127712515659738e-01
1.460000000000000000e+02 9.475789128673053341e-01 8.927847719064666565e-01
1.470000000000000000e+02 8.765008735536324869e-01 6.946789975460349043e-01
1.480000000000000000e+02 9.440985279518250284e-01 6.634540436414867459e-01
1.490000000000000000e+02 9.469695843031508131e-01 6.673130586383809737e-01
1.500000000000000000e+02 9.730386673403496056e-01 7.850074592288633912e-01
1.510000000000000000e+02 9.377498337716767551e-01 8.906310288580109313e-01
1.520000000000000000e+02 8.621829376145676571e-01 6.682122303397661778e-01
1.530000000000000000e+02 9.254700815436815997e-01 6.685724888026873813e-01
1.540000000000000000e+02 9.358314719802788284e-01 6.499209614925026690e-01
1.550000000000000000e+02 9.608701171473230662e-01 6.648956556422460640e-01
1.560000000000000000e+02 9.158900004608327983e-01 7.565442844626091290e-01
1.570000000000000000e+02 9.813407163898882901e-01 1.570003986039046673e+00
1.580000000000000000e+02 8.572338908240505484e-01 7.435468895505644715e-01
1.590000000000000000e+02 7.475536458118997585e-01 7.547069634573069230e-01
1.600000000000000000e+02 8.396580979194979699e-01 6.515118589989301601e-01
1.610000000000000000e+02 9.672100735711051112e-01 7.008985980905731994e-01
1.620000000000000000e+02 8.751226030537928580e-01 1.059007326655349468e+00
1.630000000000000000e+02 8.921878437201181677e-01 6.737581964472343365e-01
1.640000000000000000e+02 8.001624373440824334e-01 7.279261558369081175e-01
1.650000000000000000e+02 8.839958084320621579e-01 7.103151456919816198e-01
1.660000000000000000e+02 9.189721258601757370e-01 7.930237697212689785e-01
1.670000000000000000e+02 8.301770139767620238e-01 6.895774554950622193e-01
1.680000000000000000e+02 8.488704926290956410e-01 6.803479789089581509e-01
1.690000000000000000e+02 8.761735119735057919e-01 1.307424020351737104e+00
1.700000000000000000e+02 8.929852757379908024e-01 1.231793239672765550e+00
1.710000000000000000e+02 7.405888685093362511e-01 6.584742356880740610e-01
1.720000000000000000e+02 1.023818798890017590e+00 6.775473001495443404e-01
1.730000000000000000e+02 8.355894344759999814e-01 6.839327722707958523e-01
1.740000000000000000e+02 7.803287632978147537e-01 7.578298780298104997e-01
1.750000000000000000e+02 8.629041574482378962e-01 6.648401162579615775e-01
1.760000000000000000e+02 7.987840085003925505e-01 6.899363265919621346e-01
1.770000000000000000e+02 7.696652654458119303e-01 1.113950292642250872e+00
1.780000000000000000e+02 7.907241093968907508e-01 7.217203059081417349e-01
1.790000000000000000e+02 8.035215010744556352e-01 6.631849054996193926e-01
1.800000000000000000e+02 8.878116272013596433e-01 5.969176759029520829e-01
1.810000000000000000e+02 8.455260092296649210e-01 7.227485518672830400e-01
1.820000000000000000e+02 8.806814247309558974e-01 6.034165003983648079e-01
1.830000000000000000e+02 8.242369556600699365e-01 7.080164575704620544e-01
1.840000000000000000e+02 8.372987442693266003e-01 6.608467888256819300e-01
1.850000000000000000e+02 7.757140701807183625e-01 7.099872038127909013e-01
1.860000000000000000e+02 8.908205776743576276e-01 8.783365456092773194e-01
1.870000000000000000e+02 8.368500824829544493e-01 1.510790971904274027e+00
1.880000000000000000e+02 8.205448317308761119e-01 7.024947628578616099e-01
1.890000000000000000e+02 7.165699195250099240e-01 6.326980705874855060e-01
1.900000000000000000e+02 8.140951701742884516e-01 8.774346039697887845e-01
1.910000000000000000e+02 7.870123411776863698e-01 6.702587888963100760e-01
1.920000000000000000e+02 7.676461918239998461e-01 6.289528579558507637e-01
1.930000000000000000e+02 8.094277592599485871e-01 7.181270956673506678e-01
1.940000000000000000e+02 8.074129536290088893e-01 1.098736140187879684e+00
1.950000000000000000e+02 7.591752304583740951e-01 7.855839246719196201e-01
1.960000000000000000e+02 8.605766140153447985e-01 6.118745765481493626e-01
1.970000000000000000e+02 8.051380190926334945e-01 6.651904877005568872e-01
1.980000000000000000e+02 7.696959433258806493e-01 7.151445393268288653e-01
1.990000000000000000e+02 7.290472093359519068e-01 7.302477315028295113e-01
2.000000000000000000e+02 8.234539598764631929e-01 7.214464757781245963e-01
2.010000000000000000e+02 7.150797162265161155e-01 1.190844653598744474e+00
2.020000000000000000e+02 8.237835157982412726e-01 6.617981805878094814e-01
2.030000000000000000e+02 7.316137153701310902e-01 8.840900675540954712e-01
2.040000000000000000e+02 7.603858382713915010e-01 7.311107716036225890e-01
2.050000000000000000e+02 7.510291588908915017e-01 7.254635520658927472e-01
2.060000000000000000e+02 7.145477283461622031e-01 6.717553662870269227e-01
2.070000000000000000e+02 7.810908176682211934e-01 6.942074640826310095e-01
2.080000000000000000e+02 7.456200658274406701e-01 7.087478223818556300e-01
2.090000000000000000e+02 7.977191635823756011e-01 7.142366541614481035e-01
2.100000000000000000e+02 6.981544973335199744e-01 7.778539836566505938e-01
2.110000000000000000e+02 8.387390744055529535e-01 8.673209984244993898e-01
2.120000000000000000e+02 6.656186041440773637e-01 6.596784486208141507e-01
2.130000000000000000e+02 7.571544688375531074e-01 9.177988630197642106e-01
2.140000000000000000e+02 6.913080077251377853e-01 7.120156102781320939e-01
2.150000000000000000e+02 7.494698953772028771e-01 6.911055428093304531e-01
2.160000000000000000e+02 7.689738203669636007e-01 9.520603542992640556e-01
2.170000000000000000e+02 7.987856364227526873e-01 6.912307192748736728e-01
2.180000000000000000e+02 6.655602189684201031e-01 7.161705740015883448e-01
2.190000000000000000e+02 7.137824989328480640e-01 7.673859783216072650e-01
2.200000000000000000e+02 7.513767156302360029e-01 7.000944441828587106e-01
2.210000000000000000e+02 6.040032672512029022e-01 6.679850394860029628e-01
2.220000000000000000e+02 7.517289909148456850e-01 6.581794991889523549e-01
2.230000000000000000e+02 6.921929653310048280e-01 6.656647380491363952e-01
2.240000000000000000e+02 7.167903782258805423e-01 6.489383285870181650e-01
2.250000000000000000e+02 6.596680871663230805e-01 9.314847332862362661e-01
2.260000000000000000e+02 7.683846961067180015e-01 6.847145173888423697e-01
2.270000000000000000e+02 5.944634324149272731e-01 7.055110893044970188e-01
2.280000000000000000e+02 7.230231219316759494e-01 8.558921853914337463e-01
2.290000000000000000e+02 7.800696103452767760e-01 6.594208181703378191e-01
2.300000000000000000e+02 6.070729355892124923e-01 1.081917709543621875e+00
2.310000000000000000e+02 7.140901140163018468e-01 6.777859187957109288e-01
2.320000000000000000e+02 6.496023546112539293e-01 6.775769135907252494e-01
2.330000000000000000e+02 6.668432368898377094e-01 6.601688970509547172e-01
2.340000000000000000e+02 6.409203159608982681e-01 7.701151051406246451e-01
2.350000000000000000e+02 8.066673308639236151e-01 7.974493372536216595e-01
2.360000000000000000e+02 6.716439687844478756e-01 7.050270299170036115e-01
2.370000000000000000e+02 6.087763533801390237e-01 6.506443586170513882e-01
2.380000000000000000e+02 7.378077053963535414e-01 6.712342519862402046e-01
2.390000000000000000e+02 6.284760843737049463e-01 8.954493948345848553e-01
2.400000000000000000e+02 7.059892130343642380e-01 7.017550273491294233e-01
2.410000000000000000e+02 6.936907485383222438e-01 6.576934889877769086e-01
2.420000000000000000e+02 7.275454329092516659e-01 6.907438825985701136e-01
2.430000000000000000e+02 6.361817121505737305e-01 1.028049749759183173e+00
2.440000000000000000e+02 6.660238585783582188e-01 7.267667921235030359e-01
2.450000000000000000e+02 5.882184814022044517e-01 8.586909809317090359e-01
2.460000000000000000e+02 7.766426951829900061e-01 6.834472913205144051e-01
2.470000000000000000e+02 5.963619041374902396e-01 1.089866381228449477e+00
2.480000000000000000e+02 5.668687783557959659e-01 6.704777220299033003e-01
2.490000000000000000e+02 7.253031274318544330e-01 6.584539407060229221e-01
2.500000000000000000e+02 5.863428885022182735e-01 9.761446327690145308e-01
2.510000000000000000e+02 5.522584151725290491e-01 7.222748710386874826e-01
2.520000000000000000e+02 6.501113117644281569e-01 7.065459000840583759e-01
2.530000000000000000e+02 6.034862764809831859e-01 7.747464160816919243e-01
2.540000000000000000e+02 7.120406505689237386e-01 7.073032983825928710e-01
2.550000000000000000e+02 5.899514823829907773e-01 6.538930671144745910e-01
2.560000000000000000e+02 6.598714465143704633e-01 7.396362936848289715e-01
2.570000000000000000e+02 5.249315662439918428e-01 8.521434295592934527e-01
2.580000000000000000e+02 6.956889371838719249e-01 1.107304949223515855e+00
2.590000000000000000e+02 7.076406639646343200e-01 6.712534408467065727e-01
2.600000000000000000e+02 6.681768127566921622e-01 7.301673109346037416e-01
2.610000000000000000e+02 5.619882581931955334e-01 6.859646396406853253e-01
2.620000000000000000e+02 6.043356431599165024e-01 6.378912510245479117e-01
2.630000000000000000e+02 6.017127107038642286e-01 8.668142774469411727e-01
2.640000000000000000e+02 6.769542233604851633e-01 7.946003562004253507e-01
2.650000000000000000e+02 6.175442541140259145e-01 7.592259162872150302e-01
2.660000000000000000e+02 6.660117294862371029e-01 7.535800243510637486e-01
2.670000000000000000e+02 5.717308534675661358e-01 6.686985208265903147e-01
2.680000000000000000e+02 6.838265006814835401e-01 6.726451846933236833e-01
2.690000000000000000e+02 5.875495405084981693e-01 6.841813054225399648e-01
2.700000000000000000e+02 6.399745299236888618e-01 6.936694345269701634e-01
2.710000000000000000e+02 6.124787360730797880e-01 7.251466707633583697e-01
2.720000000000000000e+02 5.890011101309770014e-01 6.769899467041281538e-01
2.730000000000000000e+02 6.115581293177068112e-01 8.623510599136352539e-01
2.740000000000000000e+02 5.832740591255176632e-01 1.479777049762633689e+00
2.750000000000000000e+02 6.099831961622141918e-01 7.098003883144491377e-01
2.760000000000000000e+02 6.531102159448466393e-01 7.155070566939284449e-01
2.770000000000000000e+02 5.529389307115286645e-01 7.239552758654065334e-01
2.780000000000000000e+02 6.697876135080269577e-01 1.008233156185047941e+00
2.790000000000000000e+02 5.853054597289417682e-01 7.320401118843549160e-01
2.800000000000000000e+02 6.406847378348186073e-01 6.934764474710254367e-01
2.810000000000000000e+02 5.352264899391141473e-01 5.984638807920604764e-01
2.820000000000000000e+02 6.263317256401262911e-01 8.851049350669493165e-01
2.830000000000000000e+02 5.393694213364068624e-01 8.259629610396581612e-01
2.840000000000000000e+02 6.462876647852401346e-01 6.603280261118993355e-01
2.850000000000000000e+02 6.417682900774656085e-01 9.445520487611479554e-01
2.860000000000000000e+02 5.562868158500859916e-01 7.555554859120469091e-01
2.870000000000000000e+02 5.266022764224208563e-01 7.579781948401524971e-01
2.880000000000000000e+02 6.118665646630674360e-01 7.178580169703302483e-01
2.890000000000000000e+02 5.623854884891370531e-01 7.288451626217716806e-01
2.900000000000000000e+02 5.649694915168225196e-01 7.429621008701682294e-01
2.910000000000000000e+02 5.869145778526714263e-01 8.544253003820976300e-01
2.920000000000000000e+02 6.018857162966168017e-01 9.808235679810551888e-01
2.930000000000000000e+02 5.456584947921824247e-01 1.013206775961868145e+00
2.940000000000000000e+02 6.490050961331623736e-01 7.371089079744375105e-01
2.950000000000000000e+02 5.638013998938015137e-01 1.161018161607491717e+00
2.960000000000000000e+02 5.133735302754282026e-01 7.035474297827754020e-01
2.970000000000000000e+02 6.013438438157096000e-01 7.452598474620174551e-01
2.980000000000000000e+02 5.619526906295936319e-01 8.958317142069819328e-01
2.990000000000000000e+02 5.709249348364036081e-01 7.166020934127930175e-01
3.000000000000000000e+02 6.057343628253972767e-01 7.343707327548684161e-01
3.010000000000000000e+02 6.276025481245961490e-01 6.951621118883025696e-01
3.020000000000000000e+02 5.498877617710181687e-01 9.303844559927728630e-01
3.030000000000000000e+02 5.935139845529235902e-01 7.172691460908577898e-01
3.040000000000000000e+02 5.731921893605560481e-01 7.444836850460349043e-01
3.050000000000000000e+02 6.144965376739150997e-01 7.471884891750345536e-01
3.060000000000000000e+02 5.889780847830676791e-01 6.855571036683969499e-01
3.070000000000000000e+02 6.403957536260576067e-01 7.695124858825519443e-01
3.080000000000000000e+02 4.667820700331885009e-01 6.805064550353758790e-01
3.090000000000000000e+02 5.634034168958135247e-01 6.834139485141866865e-01
3.100000000000000000e+02 5.375820673036922903e-01 8.927849834789859385e-01
3.110000000000000000e+02 5.595569399326785209e-01 7.004370807642591457e-01
3.120000000000000000e+02 5.465694368638173151e-01 8.349587661651119985e-01
3.130000000000000000e+02 4.887765884513091130e-01 8.748380909336795908e-01
3.140000000000000000e+02 5.736515410138264270e-01 6.893870878475281128e-01
3.150000000000000000e+02 5.325668810894994554e-01 7.020136690011932190e-01
3.160000000000000000e+02 5.474700264523761906e-01 7.100758290482590551e-01
3.170000000000000000e+02 5.718317009392969164e-01 6.867177764468154200e-01
3.180000000000000000e+02 5.176601491851975378e-01 5.983308467404772069e-01
3.190000000000000000e+02 5.373077559289880512e-01 6.551092690501072457e-01
3.200000000000000000e+02 5.251218610675342235e-01 1.660796017493383570e+00
3.210000000000000000e+02 5.676502789316729691e-01 8.451790716948521798e-01
3.220000000000000000e+02 5.754577008311718700e-01 9.920945210686957783e-01
3.230000000000000000e+02 4.980383415387558133e-01 6.752736028333771179e-01
3.240000000000000000e+02 5.293325122244040282e-01 7.873118121886061305e-01
3.250000000000000000e+02 5.239331666374267282e-01 9.075180667654758615e-01
3.260000000000000000e+02 4.743435218779727403e-01 7.452943066170004682e-01
3.270000000000000000e+02 5.904532718340151920e-01 6.638735615855567707e-01
3.280000000000000000e+02 5.778242597977319983e-01 8.279125716027880832e-01
3.290000000000000000e+02 4.994054561198267295e-01 1.029796198130293217e+00
3.300000000000000000e+02 5.798869960090572429e-01 7.576203630692837088e-01
3.310000000000000000e+02 4.981654383711773826e-01 8.663430018974692670e-01
3.320000000000000000e+02 5.441609067765074137e-01 7.458379652161380990e-01
3.330000000000000000e+02 5.294547613791585894e-01 7.557816553371521362e-01
3.340000000000000000e+02 5.648711125496486130e-01 6.409049705270148944e-01
3.350000000000000000e+02 4.777624929192090253e-01 6.504685019040554739e-01
3.360000000000000000e+02 5.245907683519007714e-01 7.167677176222404523e-01
3.370000000000000000e+02 5.284552454891586759e-01 7.614459045451064112e-01
3.380000000000000000e+02 5.403488227978967551e-01 8.427776740639203457e-01
3.390000000000000000e+02 5.112068731375415398e-01 9.418987495969511903e-01
3.400000000000000000e+02 4.500839111820876814e-01 6.231804590762141105e-01
3.410000000000000000e+02 5.008556946644799890e-01 9.775087405145966857e-01
3.420000000000000000e+02 4.764196333682797491e-01 5.971981948566180698e-01
3.430000000000000000e+02 5.570426232685649071e-01 6.604119468949755101e-01
3.440000000000000000e+02 5.371719854785024229e-01 7.542047796236606150e-01
3.450000000000000000e+02 4.682645981338985353e-01 7.273511905772436226e-01
3.460000000000000000e+02 5.322472712719481525e-01 8.354009412249036037e-01
3.470000000000000000e+02 5.662360466038337536e-01 8.065856827807490470e-01
3.480000000000000000e+02 5.085111210585701036e-01 6.950247287750244141e-01
3.490000000000000000e+02 4.729430345874844344e-01 6.567142661710846374e-01
3.500000000000000000e+02 5.616601195598199814e-01 9.210200658113003591e-01
3.510000000000000000e+02 4.821474376713024701e-01 6.858515477372238989e-01
3.520000000000000000e+02 5.190044297403952900e-01 7.222051802653089991e-01
3.530000000000000000e+02 4.912121377960599888e-01 9.159914816033105645e-01
3.540000000000000000e+02 5.133481545483922215e-01 8.082634300073413547e-01
3.550000000000000000e+02 5.451350433356834113e-01 6.777690636248754341e-01
3.560000000000000000e+02 4.722405995112791688e-01 7.002286263828941815e-01
3.570000000000000000e+02 5.862669751808013974e-01 7.347575438885523003e-01
3.580000000000000000e+02 5.112682793727206798e-01 6.790884803511182399e-01
3.590000000000000000e+02 5.127599959438421395e-01 7.048160591969221400e-01
3.600000000000000000e+02 5.585656078472747144e-01 7.987111228400836094e-01
3.610000000000000000e+02 4.576719024059022756e-01 7.535166783562934345e-01
3.620000000000000000e+02 5.069301500043273956e-01 7.737935970040492606e-01
3.630000000000000000e+02 4.695121857762752371e-01 7.326230852597520604e-01
3.640000000000000000e+02 4.938901260220466272e-01 6.365494095288396492e-01
3.650000000000000000e+02 5.173551865448855480e-01 7.839172870799619997e-01
3.660000000000000000e+02 4.696239367066057935e-01 6.471671118493373953e-01
3.670000000000000000e+02 5.108480500382976963e-01 7.816858368329004936e-01
3.680000000000000000e+02 4.370487011743314221e-01 7.068613623805724000e-01
3.690000000000000000e+02 4.966175664743744389e-01 7.358826994895935059e-01
3.700000000000000000e+02 4.993562735746961967e-01 7.541376008744533621e-01
3.710000000000000000e+02 4.421877884245538071e-01 6.821901200603863735e-01
3.720000000000000000e+02 5.213201272835035205e-01 6.989965156000357283e-01
3.730000000000000000e+02 5.731312345015990850e-01 7.293057547178088962e-01
3.740000000000000000e+02 4.373849868812174635e-01 7.387449140523137947e-01
3.750000000000000000e+02 4.754224065402130606e-01 6.627745091435737201e-01
3.760000000000000000e+02 5.289339781147337494e-01 8.098288956660047999e-01
3.770000000000000000e+02 5.044630877874227703e-01 7.378990010985100323e-01
3.780000000000000000e+02 4.158900354457573667e-01 7.875768048513990260e-01
3.790000000000000000e+02 4.530874715344737624e-01 8.970297584584826511e-01
3.800000000000000000e+02 5.033536998576894073e-01 1.001480675095207884e+00
3.810000000000000000e+02 4.941061774612719448e-01 8.089464279665704582e-01
3.820000000000000000e+02 4.710175975254087821e-01 6.792241665696969743e-01
3.830000000000000000e+02 4.451891297606074827e-01 6.681113816777758396e-01
3.840000000000000000e+02 4.628149750349405123e-01 6.527481104669238254e-01
3.850000000000000000e+02 4.985405453443904622e-01 7.704195736560360830e-01
3.860000000000000000e+02 4.633291670017772312e-01 6.982387473691884505e-01
3.870000000000000000e+02 4.607736908222702099e-01 7.560057930907998491e-01
3.880000000000000000e+02 4.468647771841519623e-01 7.383007568584371016e-01
3.890000000000000000e+02 4.495855542085651635e-01 6.602787019100649912e-01
3.900000000000000000e+02 4.939595668762214453e-01 6.485251773138788201e-01
3.910000000000000000e+02 4.643089432749598622e-01 8.305077987445902421e-01
3.920000000000000000e+02 5.163757827865725902e-01 7.285597659947086191e-01
3.930000000000000000e+02 4.569303037850661053e-01 1.751128403335090677e+00
3.940000000000000000e+02 4.070089243052690819e-01 8.941113020395785593e-01
3.950000000000000000e+02 4.816725981133551104e-01 6.662595987959137878e-01
3.960000000000000000e+02 5.033153255491041866e-01 6.451837546703962367e-01
3.970000000000000000e+02 4.618694258427219479e-01 7.506013038011402072e-01
3.980000000000000000e+02 4.528447679129816161e-01 1.285594400387986447e+00
3.990000000000000000e+02 4.655005204024328380e-01 1.476540422311736878e+00
4.000000000000000000e+02 4.341735411925069510e-01 7.429636924580018675e-01
4.010000000000000000e+02 4.392855565476953550e-01 6.666102140902194773e-01
4.020000000000000000e+02 4.466658593035967573e-01 1.017112165289973502e+00
4.030000000000000000e+02 4.638316892052059548e-01 8.782969139536328518e-01
4.040000000000000000e+02 4.504348038494265793e-01 7.200840880979482161e-01
4.050000000000000000e+02 4.279928299155006943e-01 7.773533500231623039e-01
4.060000000000000000e+02 4.556028569352600366e-01 9.836940862857623813e-01
4.070000000000000000e+02 4.514400456519605531e-01 8.139837133341116804e-01
4.080000000000000000e+02 5.166518610698873637e-01 7.033956195489969865e-01
4.090000000000000000e+02 4.076610239559538273e-01 9.346730867275923060e-01
4.100000000000000000e+02 4.127602672271045714e-01 7.326301230821788968e-01
4.110000000000000000e+02 4.599345965139239878e-01 6.814197918684808952e-01
4.120000000000000000e+02 4.311083076232061773e-01 6.647269898381373832e-01
4.130000000000000000e+02 4.300864585732824819e-01 6.551692974791130109e-01
4.140000000000000000e+02 4.869514267619063363e-01 8.651181814178384721e-01
4.150000000000000000e+02 4.563524493847914143e-01 7.496396306372838936e-01
4.160000000000000000e+02 4.255221784114837646e-01 8.850708554321575772e-01
4.170000000000000000e+02 4.577205668038346054e-01 6.736879403086194484e-01
4.180000000000000000e+02 4.549494557434295983e-01 6.624701408214926923e-01
4.190000000000000000e+02 4.234578146336385740e-01 6.941726926824043353e-01
4.200000000000000000e+02 4.710531967857573554e-01 7.642816755790812211e-01
4.210000000000000000e+02 4.564851807158394337e-01 8.073881316440674194e-01
4.220000000000000000e+02 4.359224927663274407e-01 7.097961870658813233e-01
4.230000000000000000e+02 4.384095800764997719e-01 7.171967361951321340e-01
4.240000000000000000e+02 4.082508162867619084e-01 8.388786066633127092e-01
4.250000000000000000e+02 4.758595731351282776e-01 7.201274432062143571e-01
4.260000000000000000e+02 4.418476728989725322e-01 8.158484000622746590e-01
4.270000000000000000e+02 4.602633201135726826e-01 7.298293738518579765e-01
4.280000000000000000e+02 4.189426999965120135e-01 6.861244916276701966e-01
4.290000000000000000e+02 4.170327018005679509e-01 7.271973840672593115e-01
4.300000000000000000e+02 4.284980573797407821e-01 6.741339821598165694e-01
4.310000000000000000e+02 4.164144924293411987e-01 8.212393800311049707e-01
4.320000000000000000e+02 4.826877859902223289e-01 7.490542347245817689e-01
4.330000000000000000e+02 3.940663292583952426e-01 7.109778975673399781e-01
4.340000000000000000e+02 4.886409285845178530e-01 7.243928362792682041e-01
4.350000000000000000e+02 4.128475183167334972e-01 8.494962167803787878e-01
4.360000000000000000e+02 4.510588731462154000e-01 6.425011298611720267e-01
4.370000000000000000e+02 4.469284255055205324e-01 6.816453620511788714e-01
4.380000000000000000e+02 4.932617544750265703e-01 6.937906019809099156e-01
4.390000000000000000e+02 3.968408228307349073e-01 7.961369959023298915e-01
4.400000000000000000e+02 4.515421516841674476e-01 7.882574208620086731e-01
4.410000000000000000e+02 4.134851346051424681e-01 7.176412094694040178e-01
4.420000000000000000e+02 3.735607042696266755e-01 6.507935559142370430e-01
4.430000000000000000e+02 4.287701418453996882e-01 6.857851510393075944e-01
4.440000000000000000e+02 4.891018880897584631e-01 7.576356632460218288e-01
4.450000000000000000e+02 3.986174084449830013e-01 7.009326919473847228e-01
4.460000000000000000e+02 3.975376535772257580e-01 7.280724818840742518e-01
4.470000000000000000e+02 4.438892828695701898e-01 7.020384226663503036e-01
4.480000000000000000e+02 3.903253626173948110e-01 8.137513549334242091e-01
4.490000000000000000e+02 4.159494581793950485e-01 6.774469224121870692e-01
4.500000000000000000e+02 4.466151209040121750e-01 7.311088185527688799e-01
4.510000000000000000e+02 4.358511739869188606e-01 8.599563467918068804e-01
4.520000000000000000e+02 4.186003252151158094e-01 7.584689887535156494e-01
4.530000000000000000e+02 4.366806149199524700e-01 7.276432143459371504e-01
4.540000000000000000e+02 4.350138759715346248e-01 6.395228589827509635e-01
4.550000000000000000e+02 4.641752862499830545e-01 1.147951473499430941e+00
4.560000000000000000e+02 3.785249140075963026e-01 8.373982340656720424e-01
4.570000000000000000e+02 4.474055678391259394e-01 7.985856374850541783e-01
4.580000000000000000e+02 3.955105252193430454e-01 7.091204346664469194e-01
4.590000000000000000e+02 4.005951012174288617e-01 9.031223379894491865e-01
4.600000000000000000e+02 4.477094651234809208e-01 7.014233976522655789e-01
4.610000000000000000e+02 3.822156279677092483e-01 7.311632821770839286e-01
4.620000000000000000e+02 4.537801276308318643e-01 7.122776302191911046e-01
4.630000000000000000e+02 4.469175787998371230e-01 6.472878325081382611e-01
4.640000000000000000e+02 3.671338169737862200e-01 8.034073801526435687e-01
4.650000000000000000e+02 3.972162403824739396e-01 7.892685617262812370e-01
4.660000000000000000e+02 4.346405828833617702e-01 6.952540081883243905e-01
4.670000000000000000e+02 4.622979719056798387e-01 9.683327888995009181e-01
4.680000000000000000e+02 3.754623050641531790e-01 6.999333433746971478e-01
4.690000000000000000e+02 4.322604477803417833e-01 9.530216560926257907e-01
4.700000000000000000e+02 3.804005410216599881e-01 7.304723857235333462e-01
4.710000000000000000e+02 4.578874677871213050e-01 6.789183066933148769e-01
4.720000000000000000e+02 4.535824914722781931e-01 7.470997519211858284e-01
4.730000000000000000e+02 3.918747466162559867e-01 6.918659894140412048e-01
4.740000000000000000e+02 4.491576603566757586e-01 7.700412647334244909e-01
4.750000000000000000e+02 3.883348821574160725e-01 6.957128246092604273e-01
4.760000000000000000e+02 3.908226792008808181e-01 9.332554033550436445e-01
4.770000000000000000e+02 3.950711043299343084e-01 9.327495360182692652e-01
4.780000000000000000e+02 4.076659236140925402e-01 7.071623445835574229e-01
4.790000000000000000e+02 4.194575558213466393e-01 8.705745088510794538e-01
4.800000000000000000e+02 4.086033825656074092e-01 7.244386591476665860e-01
4.810000000000000000e+02 3.686459713963546880e-01 7.530512883260486179e-01
4.820000000000000000e+02 3.822711179688417227e-01 6.695691864867632237e-01
4.830000000000000000e+02 4.171890716009741262e-01 1.070438055666138588e+00
4.840000000000000000e+02 3.766653093311429501e-01 8.498016472796012799e-01
4.850000000000000000e+02 4.263480236475928886e-01 7.687872545968431615e-01
4.860000000000000000e+02 3.454840733992136093e-01 6.832636383839011396e-01
4.870000000000000000e+02 4.283483017933379933e-01 6.707325675212665317e-01
4.880000000000000000e+02 4.121894104347826882e-01 8.477960353562403739e-01
4.890000000000000000e+02 4.453691557252713040e-01 8.252429690501644766e-01
4.900000000000000000e+02 3.968271223245861679e-01 7.418154075382222823e-01
4.910000000000000000e+02 3.778792971820064128e-01 7.161726986754675117e-01
4.920000000000000000e+02 3.941079965206426561e-01 8.182844896738394880e-01
4.930000000000000000e+02 4.538719719974987910e-01 1.043601046298847868e+00
4.940000000000000000e+02 4.434499868985630200e-01 7.507819263289505773e-01
4.950000000000000000e+02 3.715426528570883735e-01 6.751707677227561932e-01
4.960000000000000000e+02 4.374069945510898338e-01 7.017263114931755474e-01
4.970000000000000000e+02 3.904286228972294048e-01 7.314598525177697930e-01
4.980000000000000000e+02 4.467809505862150310e-01 7.402897977317626221e-01
4.990000000000000000e+02 3.906666936189417405e-01 7.659650748600589365e-01
5.000000000000000000e+02 3.797864926023727938e-01 7.164082146841463938e-01
5.010000000000000000e+02 3.870557327605819165e-01 9.180252882814279314e-01
5.020000000000000000e+02 3.850571893422257141e-01 7.823197073016026071e-01
5.030000000000000000e+02 3.998665257009252905e-01 6.812940826364880520e-01
5.040000000000000000e+02 3.948825210153509291e-01 7.274108000159583698e-01
5.050000000000000000e+02 3.949479061967404725e-01 9.080559104760913547e-01
5.060000000000000000e+02 3.784336989670566975e-01 8.075673180674739493e-01
5.070000000000000000e+02 4.003277413539959029e-01 7.068789676431037616e-01
5.080000000000000000e+02 3.849086063852935613e-01 6.687365310121796691e-01
5.090000000000000000e+02 3.867948919789565565e-01 7.254942882476479449e-01
5.100000000000000000e+02 3.903223529698767735e-01 6.543541120779737819e-01
5.110000000000000000e+02 3.622944210577811464e-01 7.028300062261382264e-01
5.120000000000000000e+02 3.921819980532676442e-01 7.143372218985979405e-01
5.130000000000000000e+02 4.182595139501070758e-01 6.447389077884582154e-01
5.140000000000000000e+02 3.750121305019932794e-01 7.082870012953198513e-01
5.150000000000000000e+02 3.804514499302714126e-01 6.873616996463438600e-01
5.160000000000000000e+02 3.763719472773361385e-01 6.635719342781455365e-01
5.170000000000000000e+02 3.737899843635232866e-01 8.055712793212154166e-01
5.180000000000000000e+02 3.644431037734253143e-01 6.673456976944256436e-01
5.190000000000000000e+02 3.427280554783548872e-01 7.172180040272566615e-01
5.200000000000000000e+02 3.816360229833389850e-01 7.166604877477037450e-01
5.210000000000000000e+02 3.382891956152337953e-01 6.700191111091634566e-01
5.220000000000000000e+02 4.219101164531284809e-01 6.911707164135439951e-01
5.230000000000000000e+02 3.849148952983624250e-01 7.772937332337407357e-01
5.240000000000000000e+02 4.122904389011055604e-01 7.068958889703008674e-01
5.250000000000000000e+02 4.195879960611419990e-01 9.082612889062303685e-01
5.260000000000000000e+02 3.305008557577157613e-01 6.749493286373148271e-01
5.270000000000000000e+02 4.090655920888413011e-01 6.905289303521368049e-01
5.280000000000000000e+02 4.086320680199247435e-01 7.680430722300553015e-01
5.290000000000000000e+02 3.833617460875471949e-01 7.259683406065360334e-01
5.300000000000000000e+02 3.767546956339779540e-01 7.543134682939135471e-01
5.310000000000000000e+02 3.337407787275873394e-01 7.775645521307119612e-01
5.320000000000000000e+02 4.272798025271996036e-01 6.943536159500039995e-01
5.330000000000000000e+02 3.860531119686184676e-01 6.557376215349253190e-01
5.340000000000000000e+02 3.955004012705941596e-01 7.172024234050720093e-01
5.350000000000000000e+02 3.542942309779836818e-01 7.686754367626384976e-01
5.360000000000000000e+02 4.212415147930298476e-01 6.532539426481436262e-01
5.370000000000000000e+02 2.977149051165406957e-01 7.095310115942047302e-01
5.380000000000000000e+02 4.205478630112740590e-01 7.041473395063794216e-01
5.390000000000000000e+02 3.189105256789862564e-01 6.557563880493429975e-01
5.400000000000000000e+02 4.520310815625029899e-01 6.961129139959013612e-01
5.410000000000000000e+02 3.643690379956571190e-01 7.268853679738799256e-01
5.420000000000000000e+02 3.980689271175298916e-01 7.562268686358475378e-01
5.430000000000000000e+02 3.456537016479508950e-01 1.164830682983986510e+00
5.440000000000000000e+02 3.973674737636824772e-01 6.757664814711256129e-01
5.450000000000000000e+02 3.257106400797327161e-01 7.029880881309509277e-01
5.460000000000000000e+02 3.762543707434648499e-01 7.600268541008793344e-01
5.470000000000000000e+02 3.820273114575279960e-01 7.392470587354562639e-01
5.480000000000000000e+02 3.694478667661481586e-01 7.457659615268655839e-01
5.490000000000000000e+02 3.796607971682290361e-01 7.163399349268895211e-01
5.500000000000000000e+02 3.826500727522252898e-01 7.976605508666255728e-01
5.510000000000000000e+02 3.830410984873129920e-01 7.472326598921665841e-01
5.520000000000000000e+02 4.036767019713220495e-01 7.961025691863359288e-01
5.530000000000000000e+02 3.532594500896029666e-01 6.647271529918701294e-01
5.540000000000000000e+02 3.428526622493092701e-01 6.641665987930093218e-01
5.550000000000000000e+02 3.695616296453871907e-01 7.446160858182421238e-01
5.560000000000000000e+02 3.829992635533063239e-01 6.596013384274439506e-01
5.570000000000000000e+02 3.901281113069071105e-01 8.043666211913163000e-01
5.580000000000000000e+02 3.315123750856428519e-01 6.821176922672874676e-01
5.590000000000000000e+02 3.748541138237324599e-01 7.550228965186561725e-01
5.600000000000000000e+02 3.851282290286487942e-01 7.888865486866027954e-01
5.610000000000000000e+02 3.529904182936383084e-01 6.602359153629947519e-01
5.620000000000000000e+02 3.795904432496278180e-01 6.466556985640333766e-01
5.630000000000000000e+02 3.580340463103670046e-01 7.112524448706700753e-01
5.640000000000000000e+02 3.946169349997716291e-01 7.086876749033582668e-01
5.650000000000000000e+02 3.238238355744893493e-01 7.352729826446512407e-01
5.660000000000000000e+02 3.249533602426708523e-01 6.549199327387055236e-01
5.670000000000000000e+02 3.849225230891294980e-01 7.500585272868260933e-01
5.680000000000000000e+02 4.307413332100566983e-01 6.821471539003919338e-01
5.690000000000000000e+02 3.735548070639618246e-01 1.313636421518095787e+00
5.700000000000000000e+02 3.455092201872569935e-01 7.813794012044134041e-01
5.710000000000000000e+02 3.575928984826450274e-01 7.122742490538322979e-01
5.720000000000000000e+02 3.416438456436600157e-01 7.638826333485723152e-01
5.730000000000000000e+02 3.545122526097531646e-01 6.236367085024754342e-01
5.740000000000000000e+02 3.567551884199570700e-01 6.927775902019429610e-01
5.750000000000000000e+02 3.382141276519057826e-01 7.633411489606862776e-01
5.760000000000000000e+02 3.427465837792234571e-01 8.495193299595216185e-01
5.770000000000000000e+02 3.561033101545439949e-01 6.894448171032657724e-01
5.780000000000000000e+02 3.709637052690384351e-01 6.880065522308963510e-01
5.790000000000000000e+02 3.097720541285746143e-01 8.111204787809151995e-01
5.800000000000000000e+02 4.063840265473422364e-01 7.693264939829747018e-01
5.810000000000000000e+02 3.647011696187839047e-01 7.999155345615049928e-01
5.820000000000000000e+02 3.577246951611313119e-01 8.524130592397326511e-01
5.830000000000000000e+02 3.787049076698119077e-01 7.642543450117750270e-01
5.840000000000000000e+02 3.410296109740180159e-01 7.036802388388094798e-01
5.850000000000000000e+02 3.786976659339479356e-01 7.991421248254443332e-01
5.860000000000000000e+02 3.500181376688609736e-01 6.913794426112648273e-01
5.870000000000000000e+02 3.470611046793653509e-01 7.057056893612040360e-01
5.880000000000000000e+02 3.613281102493555719e-01 6.590030937987422233e-01
5.890000000000000000e+02 3.459300215689109503e-01 7.546253752452758423e-01
5.900000000000000000e+02 3.464481606961504756e-01 7.441249794998373579e-01
5.910000000000000000e+02 3.909783920873219909e-01 7.143371790727405246e-01
5.920000000000000000e+02 3.538846520823242248e-01 7.216765148709990418e-01
5.930000000000000000e+02 3.688403367241009922e-01 8.559269641423672415e-01
5.940000000000000000e+02 3.672042059245123058e-01 6.852869629540327967e-01
5.950000000000000000e+02 3.578230874576937004e-01 7.578571788746933935e-01
5.960000000000000000e+02 3.609029976182018817e-01 7.006636221990508728e-01
5.970000000000000000e+02 3.395125198994854987e-01 8.525947204543822266e-01
5.980000000000000000e+02 3.661227399199530885e-01 7.045310067746978211e-01
5.990000000000000000e+02 3.275973922586304932e-01 7.846901151513925310e-01
6.000000000000000000e+02 3.671672802240288913e-01 7.141782660586584175e-01
6.010000000000000000e+02 3.448706490728422613e-01 7.447551619910682819e-01
6.020000000000000000e+02 3.697184960903304174e-01 8.465545578552634565e-01
6.030000000000000000e+02 3.288136832427857592e-01 7.614752337056893694e-01
6.040000000000000000e+02 3.487747357093272105e-01 8.876410102716399964e-01
6.050000000000000000e+02 4.098746437776454865e-01 7.103657035341850445e-01
6.060000000000000000e+02 3.178197222729064464e-01 7.011075136488947868e-01
6.070000000000000000e+02 3.396897136900747238e-01 7.150205623048879744e-01
6.080000000000000000e+02 4.087734685353474617e-01 7.434024104483965001e-01
6.090000000000000000e+02 3.315129860088649183e-01 7.635919104951955916e-01
6.100000000000000000e+02 3.468585968357421057e-01 8.578356229587790205e-01
6.110000000000000000e+02 3.695257030653231189e-01 8.435718623307051356e-01
6.120000000000000000e+02 3.291153169254247279e-01 6.942163953512667796e-01
6.130000000000000000e+02 3.311497262092870653e-01 6.678326817044624164e-01
6.140000000000000000e+02 3.542639720768425704e-01 7.182037536324509253e-01
6.150000000000000000e+02 3.284691856335641980e-01 6.780995897569221942e-01
6.160000000000000000e+02 3.658999324146992027e-01 7.037053442193100805e-01
6.170000000000000000e+02 3.453724059663620949e-01 7.045826530009108302e-01
6.180000000000000000e+02 3.460537508427435904e-01 7.498749443417259686e-01
6.190000000000000000e+02 3.118206296289575130e-01 6.833499328061019007e-01
6.200000000000000000e+02 3.566587173583804504e-01 6.785504501562655832e-01
6.210000000000000000e+02 3.108042073582107379e-01 6.703239778411292926e-01
6.220000000000000000e+02 4.777655303195038616e-01 8.032960091135776803e-01
6.230000000000000000e+02 3.473347254878628165e-01 8.361914479061361982e-01
6.240000000000000000e+02 3.286596800769700510e-01 7.321339749778563721e-01
6.250000000000000000e+02 3.524945314394207774e-01 7.853938464185188373e-01
6.260000000000000000e+02 3.154079161509119045e-01 7.546028975826805096e-01
6.270000000000000000e+02 3.707703221245927661e-01 6.563491220448675056e-01
6.280000000000000000e+02 3.245856084890066384e-01 7.022057020632255231e-01
6.290000000000000000e+02 3.735708795112637759e-01 6.853178346444710467e-01
6.300000000000000000e+02 3.487589654002644091e-01 7.314109524197617285e-01
6.310000000000000000e+02 3.604680529719181403e-01 7.398946639999307573e-01
6.320000000000000000e+02 3.200596823084234099e-01 7.864985782403408621e-01
6.330000000000000000e+02 3.338433612571426456e-01 7.582437288984855694e-01
6.340000000000000000e+02 3.767892893667172949e-01 7.519784775879683192e-01
6.350000000000000000e+02 3.069742889127891616e-01 7.399492458747475299e-01
6.360000000000000000e+02 3.464023269480834277e-01 7.538368596468151273e-01
6.370000000000000000e+02 3.536051480908586342e-01 8.300435590999695190e-01
6.380000000000000000e+02 3.127002132996130612e-01 7.198483908783654961e-01
6.390000000000000000e+02 3.761600854655856030e-01 6.520420156279453927e-01
6.400000000000000000e+02 3.234530010006644307e-01 6.568119730450832083e-01
6.410000000000000000e+02 3.698305902364370512e-01 8.414700149531019191e-01
6.420000000000000000e+02 3.109800028379517411e-01 8.624992078175174326e-01
6.430000000000000000e+02 2.783358427876510555e-01 8.106934004750392386e-01
6.440000000000000000e+02 3.911631591994352841e-01 7.113660244775521502e-01
6.450000000000000000e+02 2.824035653650364130e-01 6.876362153096748919e-01
6.460000000000000000e+02 4.100991713815029249e-01 8.132292661845843540e-01
6.470000000000000000e+02 3.591071030725057067e-01 6.906752730182923461e-01
6.480000000000000000e+02 3.268555819687217201e-01 7.564416880901633222e-01
6.490000000000000000e+02 3.218070651533038173e-01 7.000830186276270073e-01
6.500000000000000000e+02 4.207424048070955713e-01 7.561037690645887599e-01
6.510000000000000000e+02 2.750131153101251780e-01 6.702315775382934326e-01
6.520000000000000000e+02 3.684465412403308271e-01 7.220233483864219037e-01
6.530000000000000000e+02 2.749003221858782320e-01 7.460614036938459925e-01
6.540000000000000000e+02 4.092679905307876620e-01 6.821892456458656939e-01
6.550000000000000000e+02 2.985889360162325978e-01 7.398093715110348745e-01
6.560000000000000000e+02 3.399965809065215172e-01 6.689148278402579084e-01
6.570000000000000000e+02 3.642076658028544633e-01 6.889664404513689000e-01
6.580000000000000000e+02 3.540112518758233295e-01 7.113324148086056509e-01
6.590000000000000000e+02 3.342451967265828716e-01 6.847488378391828334e-01
6.600000000000000000e+02 3.756384945879078785e-01 7.301313391319868007e-01
6.610000000000000000e+02 2.632566611053900330e-01 8.910954196715162867e-01
6.620000000000000000e+02 3.677450063800023483e-01 7.223223324755241315e-01
6.630000000000000000e+02 3.624182855512735890e-01 9.888733502367546002e-01
6.640000000000000000e+02 3.166049780568691019e-01 6.921929421437649221e-01
6.650000000000000000e+02 3.521398411810605644e-01 7.165430189776995640e-01
6.660000000000000000e+02 3.107961036659019349e-01 7.558037266334963755e-01
6.670000000000000000e+02 2.830781277508320204e-01 7.115780776691180698e-01
6.680000000000000000e+02 3.355290753522304770e-01 8.119158751203930935e-01
6.690000000000000000e+02 3.431464654582363494e-01 6.671727863777099365e-01
6.700000000000000000e+02 3.528679825290285121e-01 7.101990884174930185e-01
6.710000000000000000e+02 3.171164852301178727e-01 7.736660395486745223e-01
6.720000000000000000e+02 3.143559154459370508e-01 7.364221478914767527e-01
6.730000000000000000e+02 3.141699768602848053e-01 7.533953883373065707e-01
6.740000000000000000e+02 3.146505843414926784e-01 6.688371663438730241e-01
6.750000000000000000e+02 3.304494467950675474e-01 6.427739654085911081e-01
6.760000000000000000e+02 3.192119907362384601e-01 6.277413067804904490e-01
6.770000000000000000e+02 3.254231912428191542e-01 6.869952983894552778e-01
6.780000000000000000e+02 3.523786862156305655e-01 6.677425332746940168e-01
6.790000000000000000e+02 2.883213608749010115e-01 7.501498128389865183e-01
6.800000000000000000e+02 3.417630850003798293e-01 7.895519482546133894e-01
6.810000000000000000e+02 2.847281030349040343e-01 6.273821530009722203e-01
6.820000000000000000e+02 3.773106914578062132e-01 7.708940467629931126e-01
6.830000000000000000e+02 3.112781275232494593e-01 7.872689978366882446e-01
6.840000000000000000e+02 2.978948874774898781e-01 6.379787343436846836e-01
6.850000000000000000e+02 3.550361339185749143e-01 7.133967627149484514e-01
6.860000000000000000e+02 3.034191382131434800e-01 7.909521570793744960e-01
6.870000000000000000e+02 3.461856804799912646e-01 7.029464001949606855e-01
6.880000000000000000e+02 3.084654086161762176e-01 8.291621620469694642e-01
6.890000000000000000e+02 3.802134875239999712e-01 7.166553975429995615e-01
6.900000000000000000e+02 2.933025136755205153e-01 6.768363448953500505e-01
6.910000000000000000e+02 3.344319052132844194e-01 8.324301118185948312e-01
6.920000000000000000e+02 3.633030373007200553e-01 7.709948207993290170e-01
6.930000000000000000e+02 2.831344978319227934e-01 7.092534591301516977e-01
6.940000000000000000e+02 3.326596077631877035e-01 6.858092698271088805e-01
6.950000000000000000e+02 2.929861806108863265e-01 6.904267830120015548e-01
6.960000000000000000e+02 3.293536357631176026e-01 7.084489801933554487e-01
6.970000000000000000e+02 3.206874240339652182e-01 7.011310737829745676e-01
6.980000000000000000e+02 3.076436673307252900e-01 7.168526341065005747e-01
6.990000000000000000e+02 3.195965946154916137e-01 6.477070078453494029e-01
7.000000000000000000e+02 3.058883414111410737e-01 6.484898137023558107e-01
7.010000000000000000e+02 3.401983420013210968e-01 7.222922739969821482e-01
7.020000000000000000e+02 3.427709783127989573e-01 8.317691416906607405e-01
7.030000000000000000e+02 2.997428548083034827e-01 6.698245008253859156e-01
7.040000000000000000e+02 3.601860825986019643e-01 7.551374854095499467e-01
7.050000000000000000e+02 2.984329872411529139e-01 7.581222610243523174e-01
7.060000000000000000e+02 3.300195009526399881e-01 8.393845478267516480e-01
7.070000000000000000e+02 3.043413000617330999e-01 6.649495737162736120e-01
7.080000000000000000e+02 2.974684624155374824e-01 6.501840362599963230e-01
7.090000000000000000e+02 3.322859847322838234e-01 7.322334907649349356e-01
7.100000000000000000e+02 3.067982709120827822e-01 7.063094876087383511e-01
7.110000000000000000e+02 3.278760020480011583e-01 7.367148237957071855e-01
7.120000000000000000e+02 3.314243498041004043e-01 6.876977934594448172e-01
7.130000000000000000e+02 2.930139174539150848e-01 7.810054739422837011e-01
7.140000000000000000e+02 3.410075877261833921e-01 7.038481794797063484e-01
7.150000000000000000e+02 3.021119539878169835e-01 7.467903482051061470e-01
7.160000000000000000e+02 3.321864839252656743e-01 8.094228918367033510e-01
7.170000000000000000e+02 3.045612865322029905e-01 7.438327332923623247e-01
7.180000000000000000e+02 2.964434298035613091e-01 6.626279635339895613e-01
7.190000000000000000e+02 3.631940082938073799e-01 6.250317961217251028e-01
7.200000000000000000e+02 3.297624741791546077e-01 6.920069890750956132e-01
7.210000000000000000e+02 3.366919504948938657e-01 7.287203091079363926e-01
7.220000000000000000e+02 2.802801508861211821e-01 7.213467100670126753e-01
7.230000000000000000e+02 3.215326957019930543e-01 7.974767822362782699e-01
7.240000000000000000e+02 2.930753282591403441e-01 7.817818835657339704e-01
7.250000000000000000e+02 3.152401368006428894e-01 7.070929869889573949e-01
7.260000000000000000e+02 2.779320392345830948e-01 6.673740007922093209e-01
7.270000000000000000e+02 3.115783977237614466e-01 6.768687829255418675e-01
7.280000000000000000e+02 2.904231191552981151e-01 6.839567534725403686e-01
7.290000000000000000e+02 3.122749447275046109e-01 7.203676438523362036e-01
7.300000000000000000e+02 3.152112484429822059e-01 6.626652396076805340e-01
7.310000000000000000e+02 3.252864488354929584e-01 7.903471267894509600e-01
7.320000000000000000e+02 3.040771222475803226e-01 6.736830993887565899e-01
7.330000000000000000e+02 3.068188092394839028e-01 8.007742115383812420e-01
7.340000000000000000e+02 3.356341035316214860e-01 7.350356978321842538e-01
7.350000000000000000e+02 2.999621643261475845e-01 7.012449897645944841e-01
7.360000000000000000e+02 2.852425034580076124e-01 1.113137384522057127e+00
7.370000000000000000e+02 3.266827167166083679e-01 6.984842219876860048e-01
7.380000000000000000e+02 3.274468611719338895e-01 8.536033055098383171e-01
7.390000000000000000e+02 3.456004430549313167e-01 7.316201912493871529e-01
7.400000000000000000e+02 2.968674301676331728e-01 7.825671466362060791e-01
7.410000000000000000e+02 2.930478601605742139e-01 7.062864923605011169e-01
7.420000000000000000e+02 2.978785655113181940e-01 7.014449847607446831e-01
7.430000000000000000e+02 2.992749406381238209e-01 7.376828399803938563e-01
7.440000000000000000e+02 3.059206716161684825e-01 7.867943476735747010e-01
7.450000000000000000e+02 3.090589631235960977e-01 7.184108358286021012e-01
7.460000000000000000e+02 3.861371864613982186e-01 7.338358007231602365e-01
7.470000000000000000e+02 2.907167154567544265e-01 6.701614281447260124e-01
7.480000000000000000e+02 2.771418645746692166e-01 7.173698686722456141e-01
7.490000000000000000e+02 3.503489812643119650e-01 7.721181110786049517e-01
7.500000000000000000e+02 2.615990651713015480e-01 8.431797296048488821e-01
7.510000000000000000e+02 3.413813911475144236e-01 7.308481912510644829e-01
7.520000000000000000e+02 3.108046742112334782e-01 7.563395845346732038e-01
7.530000000000000000e+02 2.919472401839553477e-01 7.017689620521688765e-01
7.540000000000000000e+02 3.422107509892396426e-01 7.104377110586089783e-01
7.550000000000000000e+02 2.694813936127489762e-01 8.138943466360383239e-01
7.560000000000000000e+02 3.450031116822686039e-01 6.788188177522961331e-01
7.570000000000000000e+02 2.996692624357011336e-01 7.007439401769766096e-01
7.580000000000000000e+02 3.201786191673394177e-01 6.929478610169153008e-01
7.590000000000000000e+02 2.618808614743220464e-01 7.180690158148553826e-01
7.600000000000000000e+02 3.702029597260810823e-01 7.516407464848127162e-01
7.610000000000000000e+02 2.940527064104874744e-01 7.521171675290881931e-01
7.620000000000000000e+02 2.646118226471177448e-01 6.688714928665365766e-01
7.630000000000000000e+02 3.001486604108740686e-01 6.593397302857673115e-01
7.640000000000000000e+02 3.320468785711611082e-01 6.829464547435974975e-01
7.650000000000000000e+02 2.843922454135720534e-01 7.339734398327947273e-01
7.660000000000000000e+02 3.578910552364080178e-01 7.133995361686072956e-01
7.670000000000000000e+02 2.826064644374913781e-01 8.014869634012115052e-01
7.680000000000000000e+02 2.866946095090370239e-01 7.677436172163198957e-01
7.690000000000000000e+02 3.486031492677035271e-01 7.884833774362108860e-01
7.700000000000000000e+02 3.007980211176825569e-01 6.986469797410530536e-01
7.710000000000000000e+02 3.040712134045893134e-01 8.066840157432146885e-01
7.720000000000000000e+02 2.762159343763892494e-01 7.657241998664815474e-01
7.730000000000000000e+02 3.299657288524839860e-01 8.244299048073490122e-01
7.740000000000000000e+02 2.747926148841152161e-01 6.764800753094875052e-01
7.750000000000000000e+02 3.439922230055636465e-01 6.336695703680329528e-01
7.760000000000000000e+02 2.876839323439419061e-01 6.689191097868032454e-01
7.770000000000000000e+02 2.839774744528712480e-01 6.819450382253120502e-01
7.780000000000000000e+02 3.293458824864587964e-01 7.694733283475001517e-01
7.790000000000000000e+02 3.350161068278820209e-01 7.171089024390355782e-01
7.800000000000000000e+02 2.626708091759100139e-01 7.184499476614331082e-01
7.810000000000000000e+02 3.026902242140336319e-01 7.424483334410925117e-01
7.820000000000000000e+02 2.990090368592289716e-01 7.344028960923406624e-01
7.830000000000000000e+02 2.964017722173925562e-01 7.116787393674773865e-01
7.840000000000000000e+02 2.920356573543482215e-01 7.522762160518533525e-01
7.850000000000000000e+02 3.002711849515484199e-01 7.069466152395703640e-01
7.860000000000000000e+02 2.940902487835930779e-01 7.499849904957789359e-01
7.870000000000000000e+02 2.843369958726975621e-01 7.047739610595293858e-01
7.880000000000000000e+02 3.143703082825966000e-01 7.653143754273892263e-01
7.890000000000000000e+02 2.854979714616726061e-01 6.981642064076646337e-01
7.900000000000000000e+02 3.455745012621687096e-01 9.439495629343845895e-01
7.910000000000000000e+02 3.043219175922519670e-01 6.649836410466212211e-01
7.920000000000000000e+02 2.911779445855346427e-01 8.262895625334323313e-01
7.930000000000000000e+02 3.054726327526671170e-01 7.157352769662483905e-01
7.940000000000000000e+02 2.932137942574694067e-01 6.853897846416238115e-01
7.950000000000000000e+02 3.024416161057387753e-01 7.519395006246285540e-01
7.960000000000000000e+02 3.000000250048753814e-01 7.867876326430578438e-01
7.970000000000000000e+02 2.888781321192225859e-01 6.989095390002785235e-01
7.980000000000000000e+02 2.947847341430085422e-01 6.690068356792664428e-01
7.990000000000000000e+02 3.164575255706335022e-01 7.624015581192343793e-01
8.000000000000000000e+02 2.644125203146827086e-01 7.739912757285478673e-01
8.010000000000000000e+02 2.945052460237209679e-01 7.392604696207327741e-01
8.020000000000000000e+02 3.022281064955463781e-01 7.607675078087773324e-01
8.030000000000000000e+02 2.917094668293814808e-01 7.048842827052916871e-01
8.040000000000000000e+02 2.915070602834923252e-01 8.201328710959999713e-01
8.050000000000000000e+02 2.944609606647400901e-01 8.015489678919794914e-01
8.060000000000000000e+02 3.036820272082273453e-01 7.282831446734574499e-01
8.070000000000000000e+02 2.970705154267224146e-01 6.970390078209680595e-01
8.080000000000000000e+02 2.737103635123684375e-01 7.475600236222826878e-01
8.090000000000000000e+02 2.919084317605905032e-01 7.525450654387794147e-01
8.100000000000000000e+02 2.930852488839012504e-01 9.894039939299984487e-01
8.110000000000000000e+02 3.200471538756518020e-01 8.659523941236910716e-01
8.120000000000000000e+02 3.029751678622520372e-01 7.250677791421599183e-01
8.130000000000000000e+02 2.996393628501046180e-01 6.865395190888371468e-01
8.140000000000000000e+02 2.708770364881656900e-01 6.781138248801551471e-01
8.150000000000000000e+02 2.717612832737452133e-01 9.264863871697126552e-01
8.160000000000000000e+02 3.205246495830510467e-01 7.477052991575593444e-01
8.170000000000000000e+02 2.805026443577809392e-01 7.310264442944973684e-01
8.180000000000000000e+02 2.811037484210693882e-01 7.545749875879159685e-01
8.190000000000000000e+02 3.499141778038165063e-01 8.101242863780372394e-01
8.200000000000000000e+02 2.838802878798885598e-01 7.318847962422920794e-01
8.210000000000000000e+02 2.856041449212106675e-01 7.371479557282802908e-01
8.220000000000000000e+02 3.417028312181648597e-01 6.983731016716433482e-01
8.230000000000000000e+02 2.664722960452924894e-01 7.491287239115614893e-01
8.240000000000000000e+02 3.039655892020884931e-01 7.571434052636092371e-01
8.250000000000000000e+02 3.274251741153891282e-01 1.056992013077314052e+00
8.260000000000000000e+02 2.897626578449107870e-01 7.604596333593209856e-01
8.270000000000000000e+02 3.271204972516368881e-01 7.315073072430915424e-01
8.280000000000000000e+02 3.039102399881632999e-01 7.543999448858061951e-01
8.290000000000000000e+02 2.794350743633605139e-01 8.563408111758910035e-01
8.300000000000000000e+02 3.081575704783928171e-01 7.627686652037797277e-01
8.310000000000000000e+02 2.511687562469065993e-01 8.063509750302291224e-01
8.320000000000000000e+02 2.938109229158873403e-01 7.320661327474558000e-01
8.330000000000000000e+02 2.967314324889376853e-01 7.113798463632210467e-01
8.340000000000000000e+02 3.156704342852372780e-01 9.121675111013827220e-01
8.350000000000000000e+02 2.849412527349259872e-01 7.050571959395830479e-01
8.360000000000000000e+02 2.655499993390667002e-01 8.016100837462070139e-01
8.370000000000000000e+02 2.858649765828041311e-01 7.094788730304298907e-01
8.380000000000000000e+02 2.577820383035977492e-01 6.854083809711978281e-01
8.390000000000000000e+02 2.994754858540766285e-01 7.068558173908304765e-01
8.400000000000000000e+02 2.939899043101303344e-01 7.902782100774647933e-01
8.410000000000000000e+02 2.707470062405172295e-01 8.017273503717724514e-01
8.420000000000000000e+02 3.064441482100186409e-01 7.152406926449118574e-01
8.430000000000000000e+02 3.118061015301578642e-01 6.825129065372989023e-01
8.440000000000000000e+02 3.078563503319491357e-01 7.809175879322491909e-01
8.450000000000000000e+02 2.624737250835004754e-01 8.684967439871371653e-01
8.460000000000000000e+02 2.910140445470658643e-01 7.014916329856851762e-01
8.470000000000000000e+02 2.878664506550336899e-01 7.756416704955113595e-01
8.480000000000000000e+02 2.964935106073150473e-01 1.027351801900377781e+00
8.490000000000000000e+02 2.914769469261771495e-01 1.217377047116890765e+00
8.500000000000000000e+02 2.876019620414153044e-01 7.951468401875636527e-01
8.510000000000000000e+02 2.496232083223649256e-01 7.482426954338441405e-01
8.520000000000000000e+02 3.065302519149556981e-01 7.357723311828224810e-01
8.530000000000000000e+02 2.817087060322593928e-01 7.804194933287899039e-01
8.540000000000000000e+02 2.906081031159505890e-01 6.882632922870544068e-01
8.550000000000000000e+02 2.773986389299415989e-01 7.472787440302544049e-01
8.560000000000000000e+02 2.787801310269519273e-01 6.941661058098637094e-01
8.570000000000000000e+02 2.806439567847005545e-01 7.213695995289902685e-01
8.580000000000000000e+02 3.075469150681415798e-01 7.425832396857540152e-01
8.590000000000000000e+02 2.937797309053748473e-01 6.561264438859260029e-01
8.600000000000000000e+02 2.623221286120277496e-01 6.954067835219743809e-01
8.610000000000000000e+02 2.720712806497301295e-01 7.583592911188468122e-01
8.620000000000000000e+02 2.696671835938925788e-01 6.640000026922763254e-01
8.630000000000000000e+02 3.275691960237054334e-01 6.881684077648950737e-01
8.640000000000000000e+02 2.755818694763860210e-01 6.566395634940098702e-01
8.650000000000000000e+02 2.541839551767066108e-01 6.653902901401468339e-01
8.660000000000000000e+02 2.958596121067860185e-01 8.411497146130886282e-01
8.670000000000000000e+02 3.072703772702094493e-01 9.317917515381411997e-01
8.680000000000000000e+02 3.104173956432408898e-01 7.028764153933078074e-01
8.690000000000000000e+02 2.925938271838047222e-01 7.645725492817466717e-01
8.700000000000000000e+02 3.106229121563439666e-01 7.337911450191733076e-01
8.710000000000000000e+02 2.514111550266998618e-01 6.765528640862125132e-01
8.720000000000000000e+02 3.024875200319637747e-01 7.010312901744893965e-01
8.730000000000000000e+02 2.935511452565662815e-01 7.151368762149248326e-01
8.740000000000000000e+02 2.927433867638798981e-01 6.849209402585476614e-01
8.750000000000000000e+02 2.645471895424519881e-01 7.078613976051596479e-01
8.760000000000000000e+02 2.475996029444952062e-01 7.586748345927323278e-01
8.770000000000000000e+02 3.233385767444312275e-01 7.259314619504094734e-01
8.780000000000000000e+02 2.521678402259978635e-01 6.839780625325425634e-01
8.790000000000000000e+02 2.723704222961434440e-01 8.233244188988816381e-01
8.800000000000000000e+02 2.982814907744446575e-01 7.986596157979070076e-01
8.810000000000000000e+02 2.780085757615485265e-01 7.596788871384178021e-01
8.820000000000000000e+02 2.433737672070064306e-01 7.226288535959279891e-01
8.830000000000000000e+02 3.127744860866610854e-01 7.463922620458832702e-01
8.840000000000000000e+02 2.782360678068315218e-01 6.844463345192712822e-01
8.850000000000000000e+02 2.898971647194670265e-01 6.664766843453169276e-01
8.860000000000000000e+02 2.642845892996499302e-01 7.153462596617179425e-01
8.870000000000000000e+02 2.951777529255815713e-01 8.198770425274928275e-01
8.880000000000000000e+02 2.734013502266273155e-01 7.621261725157260081e-01
8.890000000000000000e+02 2.931616616789056717e-01 7.775070822270881976e-01
8.900000000000000000e+02 2.481698289792070300e-01 8.063613382485212977e-01
8.910000000000000000e+02 2.982996125216721417e-01 1.107918598856427295e+00
8.920000000000000000e+02 2.673223269374679356e-01 7.111367958800083322e-01
8.930000000000000000e+02 2.850118622415081515e-01 9.793096828716369995e-01
8.940000000000000000e+02 2.679649065067241653e-01 6.995468219547424926e-01
8.950000000000000000e+02 2.653785304702985792e-01 7.567032634732551166e-01
8.960000000000000000e+02 2.930872679313678564e-01 9.315094072122036550e-01
8.970000000000000000e+02 2.965087808118728741e-01 7.521558018855690753e-01
8.980000000000000000e+02 2.618793869815297382e-01 7.851355110991735664e-01
8.990000000000000000e+02 2.957829166750081673e-01 7.421666719319034433e-01
9.000000000000000000e+02 2.911508041807168157e-01 7.557553481160795839e-01
9.010000000000000000e+02 2.684449471644219654e-01 6.630101692900260968e-01
9.020000000000000000e+02 2.750185562022169350e-01 7.408450215495623326e-01
9.030000000000000000e+02 2.706390515814712794e-01 6.965722130067226736e-01
9.040000000000000000e+02 2.739014355751921981e-01 7.089086345948738543e-01
9.050000000000000000e+02 2.827879109732289731e-01 7.298701721925198171e-01
9.060000000000000000e+02 2.798726779771900652e-01 6.832125985910042498e-01
9.070000000000000000e+02 2.663713087565845461e-01 7.104598440369715995e-01
9.080000000000000000e+02 2.887172077439954521e-01 6.847870790926444684e-01
9.090000000000000000e+02 2.632392681006229251e-01 6.862341622564811505e-01
9.100000000000000000e+02 2.691011236813594110e-01 7.617471630387907533e-01
9.110000000000000000e+02 2.746995324183386655e-01 6.915569688935062631e-01
9.120000000000000000e+02 2.830728509492574929e-01 7.358528043245822214e-01
9.130000000000000000e+02 2.708638427347784816e-01 7.969548505688480722e-01
9.140000000000000000e+02 2.643132007382585913e-01 7.560811170624024413e-01
9.150000000000000000e+02 2.811705359447443930e-01 7.352065522293622646e-01
9.160000000000000000e+02 2.920951139220792636e-01 7.395700161962023289e-01
9.170000000000000000e+02 2.859585006515701355e-01 7.607632567032412974e-01
9.180000000000000000e+02 2.972641152263891806e-01 6.970187713249759165e-01
9.190000000000000000e+02 2.921750251160115108e-01 6.689119126457950815e-01
9.200000000000000000e+02 2.503042673835387810e-01 7.438806365706006618e-01
9.210000000000000000e+02 2.976844225469404415e-01 8.062870711807271773e-01
9.220000000000000000e+02 2.734853064998833960e-01 8.769721954501665806e-01
9.230000000000000000e+02 2.714155706928099154e-01 7.710352508056579346e-01
9.240000000000000000e+02 2.975670729171145945e-01 8.115028197260388820e-01
9.250000000000000000e+02 2.585492435421489210e-01 6.920489822252187118e-01
9.260000000000000000e+02 2.823548848158753954e-01 7.547710563478137180e-01
9.270000000000000000e+02 2.504188992250633850e-01 6.960260903228063789e-01
9.280000000000000000e+02 3.439477099377707958e-01 7.943249119510599199e-01
9.290000000000000000e+02 2.665331326295274361e-01 7.613787218009498980e-01
9.300000000000000000e+02 2.838611781106253340e-01 6.754067864558651602e-01
9.310000000000000000e+02 2.722881372108238995e-01 7.320947634310888130e-01
9.320000000000000000e+02 3.134597203120438880e-01 7.243723642410605512e-01
9.330000000000000000e+02 2.737591460309283242e-01 6.826526444335405674e-01
9.340000000000000000e+02 2.589505323105388279e-01 7.467364197442103446e-01
9.350000000000000000e+02 2.791459788324940905e-01 8.529783241231064794e-01
9.360000000000000000e+02 2.695158567087235779e-01 6.884839553935278023e-01
9.370000000000000000e+02 2.900698603487893990e-01 8.115964921805558507e-01
9.380000000000000000e+02 2.497648775878578697e-01 7.791354694570996609e-01
9.390000000000000000e+02 2.876200541537662358e-01 8.588006734528426112e-01
9.400000000000000000e+02 2.730971211774744778e-01 7.833174160274679609e-01
9.410000000000000000e+02 2.568649680772309707e-01 7.318926199511612829e-01
9.420000000000000000e+02 2.469620985965166882e-01 6.752573235744445679e-01
9.430000000000000000e+02 2.834232428459205755e-01 7.482477837209726701e-01
9.440000000000000000e+02 2.640135301737835394e-01 7.319080132901188973e-01
9.450000000000000000e+02 2.781736671801869898e-01 6.993233547133990147e-01
9.460000000000000000e+02 2.993673516633882925e-01 6.961813725670924491e-01
9.470000000000000000e+02 2.520309701486143084e-01 7.891865468536560790e-01
9.480000000000000000e+02 2.765225227172894984e-01 7.387598880813843749e-01
9.490000000000000000e+02 2.932586455435464146e-01 7.210738109199994472e-01
9.500000000000000000e+02 2.675017360964930813e-01 7.224735414694205549e-01
9.510000000000000000e+02 2.824596230472837255e-01 7.694699514966867326e-01
9.520000000000000000e+02 2.767347602724160582e-01 7.270686351581808760e-01
9.530000000000000000e+02 2.903494258796928129e-01 7.035674006945326076e-01
9.540000000000000000e+02 2.866132877033120141e-01 6.967708323021036820e-01
9.550000000000000000e+02 2.254240391259711429e-01 6.875621027665227425e-01
9.560000000000000000e+02 2.882266037985540263e-01 6.666581611531030571e-01
9.570000000000000000e+02 2.716541068270952874e-01 7.653192339250293186e-01
9.580000000000000000e+02 2.563711398358717863e-01 7.509269979620107893e-01
9.590000000000000000e+02 2.648357626314115087e-01 7.199224776940434944e-01
9.600000000000000000e+02 2.468785831097274341e-01 6.753759054971444353e-01
9.610000000000000000e+02 2.902611778541044907e-01 7.930047396999900799e-01
9.620000000000000000e+02 2.645959770298094704e-01 7.139639996651350184e-01
9.630000000000000000e+02 2.781115287307410755e-01 6.841239520116402240e-01
9.640000000000000000e+02 3.128473322377161026e-01 7.399145890496691136e-01
9.650000000000000000e+02 2.798812064257534815e-01 6.917588410364718943e-01
9.660000000000000000e+02 2.605291828914348962e-01 6.569409367226404228e-01
9.670000000000000000e+02 2.855580668122011945e-01 6.731024031345070879e-01
9.680000000000000000e+02 2.304959721261202743e-01 7.193896076954082730e-01
9.690000000000000000e+02 3.083412038554299572e-01 7.498145605220232213e-01
9.700000000000000000e+02 2.445448173217694976e-01 7.228643932547070827e-01
9.710000000000000000e+02 2.726843524159807131e-01 6.981944609583222716e-01
9.720000000000000000e+02 2.716234358458871068e-01 7.933888647895076529e-01
9.730000000000000000e+02 2.742025576553127064e-01 6.957029543677220040e-01
9.740000000000000000e+02 2.893106183919342822e-01 7.017331211240936950e-01
9.750000000000000000e+02 2.545585139758057003e-01 6.762429931208531197e-01
9.760000000000000000e+02 2.801626345893798442e-01 7.300826023475094351e-01
9.770000000000000000e+02 2.886503453746716574e-01 7.570271704535701529e-01
9.780000000000000000e+02 2.312290872487607896e-01 8.904012253073521066e-01
9.790000000000000000e+02 2.769449337547550960e-01 7.304375817245196689e-01
9.800000000000000000e+02 2.548315837524608440e-01 6.767814220116541435e-01
9.810000000000000000e+02 2.986718290532477948e-01 9.309722506328818037e-01
9.820000000000000000e+02 2.335036051001471713e-01 7.484688010995573793e-01
9.830000000000000000e+02 2.978204440043476509e-01 7.169216327948481071e-01
9.840000000000000000e+02 2.391211640657334991e-01 6.988683635363949209e-01
9.850000000000000000e+02 2.575720623561855716e-01 7.231951921618975376e-01
9.860000000000000000e+02 2.653940085585069220e-01 7.592354025342189505e-01
9.870000000000000000e+02 2.727830521679770470e-01 7.510008442817360796e-01
9.880000000000000000e+02 2.643012522253991858e-01 8.495850153966499896e-01
9.890000000000000000e+02 2.551434920213818125e-01 7.523160862858748743e-01
9.900000000000000000e+02 2.584807123951237684e-01 8.614542033653157516e-01
9.910000000000000000e+02 2.677101682816119821e-01 7.308341277508569878e-01
9.920000000000000000e+02 2.536327685685259015e-01 7.026888253541797580e-01
9.930000000000000000e+02 2.579709419418370620e-01 8.678478667307795158e-01
9.940000000000000000e+02 2.581558666361031262e-01 7.631345169154313268e-01
9.950000000000000000e+02 2.758089032709730715e-01 8.061919204351409851e-01
9.960000000000000000e+02 2.643739709493137524e-01 7.228370125108366517e-01
9.970000000000000000e+02 2.492549676267565295e-01 7.221710455002158247e-01
9.980000000000000000e+02 2.791121862132525666e-01 8.178466724646314967e-01
9.990000000000000000e+02 2.611168641284329905e-01 7.550245926143656083e-01
1.000000000000000000e+03 2.999743021078263849e-01 6.910049087560208303e-01
