1.000000000000000000e+00 4.597295847499250243e+00 9.783039414846036452e-01
2.000000000000000000e+00 2.962961245700353352e+00 1.435925683374595430e+01
3.000000000000000000e+00 2.912007423844509724e+00 2.010178590150472733e+00
4.000000000000000000e+00 2.556072504637569409e+00 3.672971815374406646e+00
5.000000000000000000e+00 2.443247089450381715e+00 1.117078183250310053e+00
6.000000000000000000e+00 2.337093311414399022e+00 2.227432648707095453e+00
7.000000000000000000e+00 2.259447174742599707e+00 2.322524856587159459e+00
8.000000000000000000e+00 2.163814126805144955e+00 1.409183475462156165e+00
9.000000000000000000e+00 2.201735311461472389e+00 2.397027658244248904e+00
1.000000000000000000e+01 2.121837477487343193e+00 1.832124915082700145e+00
1.100000000000000000e+01 2.026034706235513738e+00 2.656068828248757896e+00
1.200000000000000000e+01 1.982813439383166898e+00 1.278916397182622866e+01
1.300000000000000000e+01 1.893679525384366125e+00 1.214605205436272817e+00
1.400000000000000000e+01 2.327853811473827861e+00 1.845119822226727990e+00
1.500000000000000000e+01 1.646693916457350415e+00 1.053873361896626282e+00
1.600000000000000000e+01 2.109132370327529760e+00 1.567920296606013952e+00
1.700000000000000000e+01 2.155373723493156035e+00 4.429059787463116571e+00
1.800000000000000000e+01 1.747318764909098210e+00 3.309505824119813866e+00
1.900000000000000000e+01 1.611209052027222199e+00 4.079303359838857723e+00
2.000000000000000000e+01 1.802993146875469854e+00 2.134559648560672152e+00
2.100000000000000000e+01 2.077793884794622681e+00 2.603976430065254810e+00
2.200000000000000000e+01 1.758196277704527466e+00 3.411257343907510009e+00
2.300000000000000000e+01 1.899100767620079955e+00 1.043909600928723425e+00
2.400000000000000000e+01 1.590256165806416266e+00 2.289748811868295597e+00
2.500000000000000000e+01 1.822961403013943826e+00 3.801699431810511065e+00
2.600000000000000000e+01 1.432762851417937577e+00 9.581760334712202676e-01
2.700000000000000000e+01 1.897503103116533918e+00 1.645364547105428787e+00
2.800000000000000000e+01 1.461642464635583893e+00 1.282568034580043204e+00
2.900000000000000000e+01 1.754023721691259308e+00 3.242513620999917912e+00
3.000000000000000000e+01 1.461316548243782210e+00 2.998920001009459213e+00
3.100000000000000000e+01 1.725909696527618165e+00 2.148353422109249511e+00
3.200000000000000000e+01 1.689428804663524852e+00 7.090280627874734343e+00
3.300000000000000000e+01 1.693752477156747149e+00 4.247973278187752832e+00
3.400000000000000000e+01 1.427554050143450493e+00 2.735848406859074267e+00
3.500000000000000000e+01 1.451456058633260771e+00 3.448668087316181907e+00
3.600000000000000000e+01 1.474495329654093911e+00 4.826207517661989854e+00
3.700000000000000000e+01 1.762546908533460632e+00 1.864754316444221072e+00
3.800000000000000000e+01 1.526833941329002631e+00 2.224953009785595182e+00
3.900000000000000000e+01 1.600663131060057864e+00 2.259241364884852832e+00
4.000000000000000000e+01 1.300581421699463336e+00 3.273314439755980132e+00
4.100000000000000000e+01 1.660861015012583763e+00 2.516327047311399223e+00
4.200000000000000000e+01 1.211600960290486917e+00 1.792822914555691760e+00
4.300000000000000000e+01 1.480200010748550454e+00 5.003302078093251559e+00
4.400000000000000000e+01 1.498828686684069433e+00 1.141082613735521178e+01
4.500000000000000000e+01 1.370786788537330159e+00 4.495579051531954029e+00
4.600000000000000000e+01 1.328593203775509490e+00 2.402898411596975148e+00
4.700000000000000000e+01 1.501379993682065983e+00 2.101426963615710353e+00
4.800000000000000000e+01 1.294935462546928484e+00 3.858680552418147780e+00
4.900000000000000000e+01 1.309641195185363705e+00 1.542467072445859122e+00
5.000000000000000000e+01 1.229143414147121360e+00 4.462907773558445257e+00
5.100000000000000000e+01 1.416962326472468225e+00 2.575543306573378377e+00
5.200000000000000000e+01 1.175157574526500159e+00 1.908742861264312252e+00
5.300000000000000000e+01 1.329406401335228027e+00 1.468324744664762038e+00
5.400000000000000000e+01 1.458197490302557853e+00 2.802012061102232998e+00
5.500000000000000000e+01 1.302239390234973593e+00 1.361838348267082166e+00
5.600000000000000000e+01 1.412398933351559194e+00 2.037949428214089309e+00
5.700000000000000000e+01 1.236314848833477420e+00 7.276179494396332714e+00
5.800000000000000000e+01 1.292747852296422639e+00 2.821682164745946242e+00
5.900000000000000000e+01 1.309627207880430522e+00 1.777370096168576774e+00
6.000000000000000000e+01 1.252840479283681141e+00 3.225952772500877419e+00
6.100000000000000000e+01 1.200422839578901835e+00 1.932131958996645249e+00
6.200000000000000000e+01 1.363143049115045358e+00 5.261630513151669852e+00
6.300000000000000000e+01 1.257401027941874583e+00 1.682757911044881149e+00
6.400000000000000000e+01 1.070376817387941770e+00 1.775369211459123298e+00
6.500000000000000000e+01 1.369229921718936316e+00 2.538321902308779077e+00
6.600000000000000000e+01 1.173982035559721471e+00 3.166055264743974806e+00
6.700000000000000000e+01 1.306065196536250861e+00 2.595646593794112000e+00
6.800000000000000000e+01 1.101531904623557434e+00 2.017298267275873247e+00
6.900000000000000000e+01 1.237956631743205804e+00 2.914742391047206560e+00
7.000000000000000000e+01 1.211622750569063989e+00 4.207865133446665240e+00
7.100000000000000000e+01 1.168878324671711821e+00 3.717872114957935459e+00
7.200000000000000000e+01 1.117462903875665603e+00 2.182843706391740302e+00
7.300000000000000000e+01 1.349818877199361111e+00 1.662070900430693943e+00
7.400000000000000000e+01 9.459603892701711203e-01 1.517627595756460446e+00
7.500000000000000000e+01 1.325715762001468123e+00 2.288408549883032439e+00
7.600000000000000000e+01 1.100097526212759691e+00 3.568212554385219004e+00
7.700000000000000000e+01 1.181862696226414267e+00 2.072792491971439333e+00
7.800000000000000000e+01 1.138605071217781761e+00 3.205871217261810902e+00
7.900000000000000000e+01 1.196912103399788041e+00 2.787252093240412787e+00
8.000000000000000000e+01 1.020989093739203657e+00 2.927101975395566047e+00
8.100000000000000000e+01 1.133513779311237535e+00 5.293303530337074569e+00
8.200000000000000000e+01 1.143316125446912856e+00 4.441352836547359573e+00
8.300000000000000000e+01 1.004999567331183119e+00 2.214698177145739688e+00
8.400000000000000000e+01 1.250751765717964759e+00 5.037650954521929236e+00
8.500000000000000000e+01 1.023868797980632905e+00 2.305767136601625467e+00
8.600000000000000000e+01 1.019315946776172543e+00 2.388056390296478870e+00
8.700000000000000000e+01 1.037010773248279172e+00 2.994212899156796226e+00
8.800000000000000000e+01 1.007390880360205410e+00 2.182537603488166056e+00
8.900000000000000000e+01 1.153234061349535988e+00 2.781389822242080534e+00
9.000000000000000000e+01 9.983690052477808274e-01 2.490060772214616858e+00
9.100000000000000000e+01 9.641634636754675691e-01 2.322837587325803810e+00
9.200000000000000000e+01 1.027463803287829380e+00 2.459459487926758392e+00
9.300000000000000000e+01 1.174644414271239334e+00 2.744450120515721014e+00
9.400000000000000000e+01 9.945003514787563725e-01 3.404059595409809180e+00
9.500000000000000000e+01 1.081389717954088781e+00 1.857754608086909842e+00
9.600000000000000000e+01 1.003463132099029931e+00 2.405425086365683640e+00
9.700000000000000000e+01 9.653571093466473130e-01 2.976822135635235345e+00
9.800000000000000000e+01 1.026383414432973762e+00 1.738126694332070121e+00
9.900000000000000000e+01 1.033378730301666160e+00 1.672262777014994484e+00
1.000000000000000000e+02 9.712874140000056222e-01 1.619699174174881628e+00
1.010000000000000000e+02 9.142456082315019161e-01 5.093330854278189435e+00
1.020000000000000000e+02 1.015343486322008104e+00 2.126767190004457131e+00
1.030000000000000000e+02 1.017862714009994063e+00 3.085745107926165076e+00
1.040000000000000000e+02 8.843081075924831280e-01 2.549774111324374815e+00
1.050000000000000000e+02 1.048149434278036862e+00 1.762921785246208906e+00
1.060000000000000000e+02 9.786804015028107706e-01 2.881243554311597066e+00
1.070000000000000000e+02 9.519605279203937620e-01 2.768195513389810181e+00
1.080000000000000000e+02 7.914669144397987743e-01 2.035304001399449003e+00
1.090000000000000000e+02 1.016024410986489102e+00 2.474478873789035749e+00
1.100000000000000000e+02 8.820241439858438337e-01 2.071616576747044469e+00
1.110000000000000000e+02 8.750798865077421551e-01 2.230029320387246994e+00
1.120000000000000000e+02 9.077888951195375311e-01 1.758296143074738804e+00
1.130000000000000000e+02 9.051758510657952339e-01 3.158303503982848870e+00
1.140000000000000000e+02 9.333688826232013902e-01 4.095213445467150493e+00
1.150000000000000000e+02 8.430773880207844684e-01 3.439758751249533120e+00
1.160000000000000000e+02 9.264478698818954250e-01 2.674127232460748793e+00
1.170000000000000000e+02 9.434214182889338884e-01 2.665781618812666398e+00
1.180000000000000000e+02 8.238891806749824021e-01 2.952290129917924055e+00
1.190000000000000000e+02 8.979122098565606169e-01 5.078885619724584188e+00
1.200000000000000000e+02 8.271504709629836638e-01 1.426536580933953191e+00
1.210000000000000000e+02 8.539224644911658224e-01 2.669343275225473988e+00
1.220000000000000000e+02 8.800537791813403121e-01 1.825038553932295526e+00
1.230000000000000000e+02 8.680871758346948575e-01 2.084437519174567210e+00
1.240000000000000000e+02 8.308092243423921275e-01 1.944346372249855293e+00
1.250000000000000000e+02 8.380532994405510694e-01 2.497029533034645254e+00
1.260000000000000000e+02 6.937217893107089361e-01 1.712867435771748825e+00
1.270000000000000000e+02 9.022613967355993525e-01 1.839434035545853163e+00
1.280000000000000000e+02 7.726594585824921868e-01 5.800563935310609764e+00
1.290000000000000000e+02 8.600775824766999644e-01 5.348190388188750255e+00
1.300000000000000000e+02 8.637929944545176264e-01 2.417588936751522422e+00
1.310000000000000000e+02 8.544983585639998047e-01 3.337297100808397143e+00
1.320000000000000000e+02 8.399677182345602899e-01 2.378449956392912235e+00
1.330000000000000000e+02 7.796115094085329655e-01 1.794957453387856727e+00
1.340000000000000000e+02 8.852760738728079337e-01 2.957390642385878454e+00
1.350000000000000000e+02 6.913221316891542401e-01 2.155392469532112720e+00
1.360000000000000000e+02 7.991795948971144314e-01 3.005898133584064880e+00
1.370000000000000000e+02 7.734427335336035991e-01 1.906274853397257996e+00
1.380000000000000000e+02 8.045645645580191685e-01 3.719620819465355943e+00
1.390000000000000000e+02 8.301345256720619181e-01 2.904903919832314774e+00
1.400000000000000000e+02 7.390064269915257444e-01 2.773940409749700464e+00
1.410000000000000000e+02 7.699615231921530523e-01 1.851963480496736203e+00
1.420000000000000000e+02 8.275626929185307956e-01 2.884260528464837492e+00
1.430000000000000000e+02 6.822467046910142274e-01 3.469844195150559862e+00
1.440000000000000000e+02 8.326751375689088741e-01 2.182794110566240509e+00
1.450000000000000000e+02 8.857466733640002587e-01 3.537506214118406600e+00
1.460000000000000000e+02 6.611783804958545341e-01 2.496480609231646941e+00
1.470000000000000000e+02 7.501285399161484735e-01 2.337217637837024853e+00
1.480000000000000000e+02 7.728376364013561650e-01 3.118085101269723491e+00
1.490000000000000000e+02 8.499465466631843658e-01 2.332132922522666352e+00
1.500000000000000000e+02 6.706409890664116746e-01 2.971103960503687968e+00
1.510000000000000000e+02 8.853151930663994973e-01 3.399592257864464173e+00
1.520000000000000000e+02 7.462182945197390893e-01 2.941481567198230174e+00
1.530000000000000000e+02 7.648620235144033552e-01 2.378740681298134430e+00
1.540000000000000000e+02 6.641412710713356926e-01 2.148597358375467170e+00
1.550000000000000000e+02 6.802812704104956865e-01 2.996188727392029794e+00
1.560000000000000000e+02 7.433196709573443028e-01 4.946755250295002959e+00
1.570000000000000000e+02 7.081856302072092602e-01 2.855934960135300127e+00
1.580000000000000000e+02 6.991430887025410490e-01 3.898121654346425213e+00
1.590000000000000000e+02 6.927130176234490566e-01 2.681055680214901038e+00
1.600000000000000000e+02 6.829134287370184353e-01 1.728913939310475323e+00
1.610000000000000000e+02 7.517002284834065629e-01 2.291609548387073314e+00
1.620000000000000000e+02 6.474914395058727345e-01 4.014724068927325362e+00
1.630000000000000000e+02 6.722847524377488782e-01 2.827994206350886053e+00
1.640000000000000000e+02 7.519486509930261020e-01 2.147696090733400620e+00
1.650000000000000000e+02 8.563133143182454221e-01 2.448152068206974619e+00
1.660000000000000000e+02 6.965662387108476628e-01 2.118738817179807388e+00
1.670000000000000000e+02 6.750134205080798866e-01 1.453824329119856706e+00
1.680000000000000000e+02 6.695870057068428194e-01 2.794453355390721594e+00
1.690000000000000000e+02 6.623289113047482468e-01 3.079918470250845974e+00
1.700000000000000000e+02 6.666287855744322810e-01 1.951727124036914951e+00
1.710000000000000000e+02 6.335813156676106672e-01 1.972796682296993120e+00
1.720000000000000000e+02 6.138950887414598157e-01 2.667532258502532283e+00
1.730000000000000000e+02 6.380508457784190846e-01 1.646857231260261623e+00
1.740000000000000000e+02 6.985862345870837986e-01 2.686274912317044627e+00
1.750000000000000000e+02 6.528351126161552331e-01 2.613920795569588229e+00
1.760000000000000000e+02 6.775009252668655613e-01 1.952167743545157208e+00
1.770000000000000000e+02 7.147476200245895805e-01 2.492817951786902686e+00
1.780000000000000000e+02 5.621703001514459785e-01 1.623441439802928654e+00
1.790000000000000000e+02 7.931294422408792233e-01 2.281015215198382240e+00
1.800000000000000000e+02 5.580514025917774346e-01 1.876024851601244769e+00
1.810000000000000000e+02 7.150574763263235489e-01 1.981610090684964076e+00
1.820000000000000000e+02 6.079436938480003993e-01 3.775121446761850574e+00
1.830000000000000000e+02 5.925677315157126257e-01 3.421990349911691265e+00
1.840000000000000000e+02 7.199256669100494443e-01 2.118657860704647788e+00
1.850000000000000000e+02 6.404591118244781223e-01 1.976555258447673546e+00
1.860000000000000000e+02 6.217292182576644732e-01 1.459363653546287942e+00
1.870000000000000000e+02 6.065593170025741498e-01 3.830228949838336394e+00
1.880000000000000000e+02 6.473207169912786885e-01 1.983198276313219210e+00
1.890000000000000000e+02 6.367800964420952115e-01 2.643496827595794407e+00
1.900000000000000000e+02 6.543779299431240482e-01 2.412313142679803235e+00
1.910000000000000000e+02 5.913713404498424087e-01 3.141788085851068502e+00
1.920000000000000000e+02 6.768871075748000843e-01 3.552197718583677055e+00
1.930000000000000000e+02 6.704329277821833299e-01 1.626356622315771494e+00
1.940000000000000000e+02 6.096687837683568700e-01 3.162009284426722910e+00
1.950000000000000000e+02 6.511033947988399406e-01 2.516549390581895640e+00
1.960000000000000000e+02 6.367685860971500356e-01 2.331840001676122931e+00
1.970000000000000000e+02 6.115821413416990815e-01 2.951839785971399621e+00
1.980000000000000000e+02 6.212642327886895854e-01 4.348044640091340618e+00
1.990000000000000000e+02 5.806904389382649967e-01 2.674208583187214661e+00
2.000000000000000000e+02 6.456120261298767815e-01 2.003657688010489490e+00
2.010000000000000000e+02 6.426570635838110279e-01 2.194740900429346109e+00
2.020000000000000000e+02 5.585633327780195057e-01 1.297820711831709550e+00
2.030000000000000000e+02 5.464599199091189075e-01 2.846197811323010640e+00
2.040000000000000000e+02 6.106176539853074292e-01 2.133433450202238735e+00
2.050000000000000000e+02 5.930713562181494369e-01 2.913486190655264263e+00
2.060000000000000000e+02 5.771246469512427701e-01 2.616726512000674187e+00
2.070000000000000000e+02 7.358792804813478750e-01 1.683914799844065113e+00
2.080000000000000000e+02 5.608542935539060359e-01 3.220014469597929363e+00
2.090000000000000000e+02 5.615651367865887034e-01 2.796721417599925541e+00
2.100000000000000000e+02 6.085168609565845266e-01 2.963810025638515810e+00
2.110000000000000000e+02 6.327658729622273048e-01 1.708047717580780667e+00
2.120000000000000000e+02 5.740655402547305552e-01 2.166471350577569677e+00
2.130000000000000000e+02 6.752161118719313126e-01 2.614821613658957933e+00
2.140000000000000000e+02 6.308588493884224047e-01 5.957868220436225215e+00
2.150000000000000000e+02 5.641502696704817632e-01 2.389376215121713276e+00
2.160000000000000000e+02 5.830534065175307923e-01 1.457271875507454295e+00
2.170000000000000000e+02 6.117386168449040484e-01 1.859662707133959758e+00
2.180000000000000000e+02 5.990883224306454702e-01 2.735847550419984842e+00
2.190000000000000000e+02 6.778228360319463741e-01 1.921323260953349488e+00
2.200000000000000000e+02 6.032396739211176584e-01 2.832605826323665976e+00
2.210000000000000000e+02 5.507122641068655788e-01 3.591980703781643580e+00
2.220000000000000000e+02 5.355006103048619570e-01 2.757422332573229884e+00
2.230000000000000000e+02 6.007285642844049089e-01 3.058360449912544521e+00
2.240000000000000000e+02 5.777244474083664816e-01 2.554201573637040923e+00
2.250000000000000000e+02 5.035968643958351754e-01 6.352884934977635289e+00
2.260000000000000000e+02 5.966673719157545852e-01 2.214969312906631682e+00
2.270000000000000000e+02 5.853360099514920423e-01 2.575738013980941599e+00
2.280000000000000000e+02 5.139242855767124363e-01 1.812872541298697904e+00
2.290000000000000000e+02 5.406609738189236403e-01 2.891780050119496792e+00
2.300000000000000000e+02 5.407808140693659560e-01 2.436127223726791247e+00
2.310000000000000000e+02 5.650804547506320663e-01 3.173090085822133144e+00
2.320000000000000000e+02 4.846202759552247774e-01 2.734863049057405515e+00
2.330000000000000000e+02 5.447849408761903378e-01 1.999193589808204718e+00
2.340000000000000000e+02 5.866243903513960189e-01 2.237699229230162956e+00
2.350000000000000000e+02 4.899474979034777467e-01 1.892530650037774320e+00
2.360000000000000000e+02 5.062630187697026996e-01 4.195617835093203851e+00
2.370000000000000000e+02 6.307248435999375236e-01 2.156633380737539074e+00
2.380000000000000000e+02 5.626346163131633604e-01 2.123807130870731363e+00
2.390000000000000000e+02 4.741859599640688705e-01 1.817631378701205724e+00
2.400000000000000000e+02 5.818846449474150972e-01 2.151616936638241828e+00
2.410000000000000000e+02 4.910932730853969086e-01 1.617535538204620815e+00
2.420000000000000000e+02 4.907876247357670363e-01 2.456368556952879256e+00
2.430000000000000000e+02 5.702518641153454526e-01 4.545646241183654901e+00
2.440000000000000000e+02 4.849381782498556337e-01 1.592839316105879144e+00
2.450000000000000000e+02 5.386605312831008741e-01 2.153600401226459571e+00
2.460000000000000000e+02 5.479498139976226589e-01 2.657296631193380776e+00
2.470000000000000000e+02 5.252270210925895633e-01 2.546664473098543713e+00
2.480000000000000000e+02 5.784024147287422091e-01 1.960609926972338046e+00
2.490000000000000000e+02 4.560651237107485878e-01 1.398245331329134755e+00
2.500000000000000000e+02 6.070480018700521452e-01 2.347952080029313215e+00
2.510000000000000000e+02 5.268581180629922089e-01 1.386982647138440328e+00
2.520000000000000000e+02 5.331715205629196097e-01 2.061846131736415622e+00
2.530000000000000000e+02 4.404058482536335473e-01 2.010339608207093232e+00
2.540000000000000000e+02 5.196657691048035543e-01 2.684514633521506433e+00
2.550000000000000000e+02 4.771845611868445469e-01 2.469840726544779930e+00
2.560000000000000000e+02 4.901667941192668354e-01 2.070743841385202622e+00
2.570000000000000000e+02 4.927767305121218411e-01 1.787279596709619112e+00
2.580000000000000000e+02 5.341875407959997268e-01 2.182107117868238966e+00
2.590000000000000000e+02 4.950654161891934746e-01 2.128408704485212244e+00
2.600000000000000000e+02 5.029641367571869859e-01 2.641081204612134137e+00
2.610000000000000000e+02 5.734266985910727588e-01 4.227114765366221327e+00
2.620000000000000000e+02 5.302553674609390422e-01 2.246320411723147004e+00
2.630000000000000000e+02 5.121282789777207300e-01 2.029640826395213704e+00
2.640000000000000000e+02 4.564729605828982684e-01 1.857029847468831818e+00
2.650000000000000000e+02 5.643560393262154751e-01 2.010423643797773163e+00
2.660000000000000000e+02 5.040647072267191442e-01 4.414578947237193240e+00
2.670000000000000000e+02 5.433543453491882502e-01 1.930138304303135488e+00
2.680000000000000000e+02 4.806969493792416226e-01 2.249479474010555258e+00
2.690000000000000000e+02 4.494096638829515045e-01 2.440594948931223751e+00
2.700000000000000000e+02 5.124308764401143135e-01 1.528249698483632679e+00
2.710000000000000000e+02 4.821520565250485002e-01 2.205635207039969181e+00
2.720000000000000000e+02 5.681285825059463335e-01 2.940461133665386750e+00
2.730000000000000000e+02 4.433271369099461845e-01 2.883534151654455702e+00
2.740000000000000000e+02 5.162330708411009272e-01 1.814976868724676562e+00
2.750000000000000000e+02 4.532639914235597756e-01 1.749233065662296083e+00
2.760000000000000000e+02 4.723255773184937834e-01 1.670564982015782629e+00
2.770000000000000000e+02 4.537526166598105370e-01 1.973568112436344446e+00
2.780000000000000000e+02 5.032213858937619744e-01 1.800906726292201387e+00
2.790000000000000000e+02 4.844048492612879064e-01 1.718885314080023097e+00
2.800000000000000000e+02 4.568033035568168088e-01 1.490453683469335822e+00
2.810000000000000000e+02 4.931782777810616580e-01 2.501764756377025112e+00
2.820000000000000000e+02 4.928809397002597570e-01 1.913730957907282537e+00
2.830000000000000000e+02 4.691028528150656962e-01 3.039481097835183387e+00
2.840000000000000000e+02 4.599694989420403113e-01 1.429442734762270906e+00
2.850000000000000000e+02 4.665427422057019102e-01 2.620040854733843627e+00
2.860000000000000000e+02 4.936743124360579160e-01 2.055935176286829424e+00
2.870000000000000000e+02 5.158960926517712764e-01 2.007622011063102452e+00
2.880000000000000000e+02 4.612613615531109268e-01 2.176909053380588155e+00
2.890000000000000000e+02 4.504871024706834648e-01 2.200846828806418465e+00
2.900000000000000000e+02 4.772304182031470443e-01 1.942683724397521683e+00
2.910000000000000000e+02 3.927463850378020149e-01 2.143652233843063470e+00
2.920000000000000000e+02 4.596506006145298917e-01 1.791074192469021220e+00
2.930000000000000000e+02 4.723967419282023572e-01 1.856469689060099792e+00
2.940000000000000000e+02 4.313435771887751402e-01 2.052004979685887243e+00
2.950000000000000000e+02 4.867837477658456535e-01 1.896286005981140610e+00
2.960000000000000000e+02 4.629797064643165205e-01 2.070854834514096243e+00
2.970000000000000000e+02 4.630330991456960699e-01 1.922400945525748028e+00
2.980000000000000000e+02 4.656066956041575167e-01 1.753701443862621945e+00
2.990000000000000000e+02 4.501226418107636684e-01 3.392382968589091163e+00
3.000000000000000000e+02 4.576213503237649971e-01 1.870935039403068600e+00
3.010000000000000000e+02 4.203776078352633450e-01 1.445216726597553070e+00
3.020000000000000000e+02 5.345396312336133660e-01 1.816400835224743382e+00
3.030000000000000000e+02 4.245064342900591869e-01 2.681731352425207771e+00
3.040000000000000000e+02 4.479422935572890396e-01 2.460750604005453201e+00
3.050000000000000000e+02 4.100736430956773981e-01 2.234818421201222538e+00
3.060000000000000000e+02 4.821631349223156060e-01 2.895303819219820607e+00
3.070000000000000000e+02 4.369752988864186172e-01 3.475496392462476880e+00
3.080000000000000000e+02 4.598601382156652928e-01 1.619814086253375640e+00
3.090000000000000000e+02 4.683694557674420444e-01 2.191389595857963002e+00
3.100000000000000000e+02 4.449758017178063740e-01 2.420400820203274073e+00
3.110000000000000000e+02 4.293870650923129473e-01 2.666988429752179979e+00
3.120000000000000000e+02 5.358182755050927559e-01 2.173454367803172360e+00
3.130000000000000000e+02 4.458955792571380750e-01 2.513050486598329858e+00
3.140000000000000000e+02 4.481184025554312833e-01 2.308097562848514528e+00
3.150000000000000000e+02 4.572166619071691418e-01 2.127435184294177439e+00
3.160000000000000000e+02 4.473158421138531127e-01 1.880886065795124962e+00
3.170000000000000000e+02 4.140636942435785839e-01 2.536231143500215168e+00
3.180000000000000000e+02 4.490194860092663887e-01 1.875189240993259565e+00
3.190000000000000000e+02 4.814533002012683083e-01 1.780358475657285888e+00
3.200000000000000000e+02 3.647246199433157865e-01 2.403088375903128071e+00
3.210000000000000000e+02 4.888797431173190211e-01 2.005705105361117901e+00
3.220000000000000000e+02 4.312395687492941998e-01 2.105954173889394543e+00
3.230000000000000000e+02 4.447280294337639384e-01 2.355568601605346313e+00
3.240000000000000000e+02 4.444589136956939024e-01 1.907366665826964569e+00
3.250000000000000000e+02 4.064678400609456621e-01 3.772803570634575276e+00
3.260000000000000000e+02 4.167009330133801814e-01 2.654962918359196955e+00
3.270000000000000000e+02 4.085672278836477433e-01 1.859925371893722978e+00
3.280000000000000000e+02 4.320711141026082336e-01 2.175766247208766657e+00
3.290000000000000000e+02 4.247127646945186297e-01 3.097405790367067979e+00
3.300000000000000000e+02 4.453497270987121781e-01 1.837399902431646304e+00
3.310000000000000000e+02 3.545969478883349013e-01 2.437958918591981217e+00
3.320000000000000000e+02 5.384320758436758059e-01 1.979662964420933813e+00
3.330000000000000000e+02 4.554625871008473603e-01 2.235570587137694076e+00
3.340000000000000000e+02 4.539521417801480330e-01 1.723467760188605258e+00
3.350000000000000000e+02 3.753062190153047539e-01 3.087350958869570672e+00
3.360000000000000000e+02 4.193804416152620007e-01 2.253481358427056325e+00
3.370000000000000000e+02 4.510091972267310512e-01 2.600360010443012015e+00
3.380000000000000000e+02 4.334078729219353887e-01 1.735809464974703786e+00
3.390000000000000000e+02 4.209730522995142610e-01 1.583216820261262425e+00
3.400000000000000000e+02 4.591569361515113190e-01 2.496452809478830304e+00
3.410000000000000000e+02 3.597307045435167994e-01 2.210694882543772000e+00
3.420000000000000000e+02 4.369777916801418360e-01 1.998872039138629875e+00
3.430000000000000000e+02 3.892408555623182442e-01 1.549408810662417535e+00
3.440000000000000000e+02 4.277643658126211168e-01 2.141491856443167752e+00
3.450000000000000000e+02 4.207113521978170789e-01 1.887491445204446228e+00
3.460000000000000000e+02 3.898548015306905201e-01 2.424721768374816566e+00
3.470000000000000000e+02 4.191340194607274805e-01 2.443027271103749065e+00
3.480000000000000000e+02 4.317596994109989539e-01 3.454205289597518824e+00
3.490000000000000000e+02 4.273524110766447337e-01 2.170330902398456718e+00
3.500000000000000000e+02 3.997803569405800617e-01 2.359630448477608944e+00
3.510000000000000000e+02 3.867206827727789897e-01 2.159501962764288852e+00
3.520000000000000000e+02 4.473761180830950202e-01 2.962570349009172599e+00
3.530000000000000000e+02 3.865395422074476839e-01 2.033456704949820004e+00
3.540000000000000000e+02 3.913216615692123868e-01 2.274619496179981937e+00
3.550000000000000000e+02 3.890658236804863668e-01 3.119873441126306268e+00
3.560000000000000000e+02 4.573325296743293022e-01 2.624290487550187567e+00
3.570000000000000000e+02 4.016679382508562823e-01 2.866429266658613084e+00
3.580000000000000000e+02 3.641277337522575430e-01 2.119818707215621156e+00
3.590000000000000000e+02 4.105284962350950750e-01 2.953275534048241724e+00
3.600000000000000000e+02 4.102501047525327071e-01 1.597818837187806595e+00
3.610000000000000000e+02 3.524248650700775864e-01 1.730735968334883523e+00
3.620000000000000000e+02 4.470996201539025883e-01 1.844143300195626667e+00
3.630000000000000000e+02 3.836357340677093442e-01 1.982302942217403441e+00
3.640000000000000000e+02 3.878387738134443374e-01 1.525891115405409337e+00
3.650000000000000000e+02 4.316922107398064035e-01 2.400542140556370718e+00
3.660000000000000000e+02 4.733709389670563428e-01 2.213213018557992573e+00
3.670000000000000000e+02 3.525333709771154567e-01 1.548932736736654991e+00
3.680000000000000000e+02 4.115783006099519303e-01 1.706308220205585258e+00
3.690000000000000000e+02 4.047553102860728669e-01 2.331800905423962789e+00
3.700000000000000000e+02 4.123229686276283501e-01 1.809960473151434046e+00
3.710000000000000000e+02 3.777483943504306718e-01 2.920845369406376513e+00
3.720000000000000000e+02 3.905964423031017541e-01 1.781782998467370760e+00
3.730000000000000000e+02 3.912841798082474232e-01 1.876390439574070257e+00
3.740000000000000000e+02 4.004842738054462115e-01 1.796461062131023301e+00
3.750000000000000000e+02 3.798696806201553033e-01 2.066106184836356885e+00
3.760000000000000000e+02 3.944031867440189743e-01 2.301534813853086447e+00
3.770000000000000000e+02 4.454442275523790018e-01 2.144604944413708303e+00
3.780000000000000000e+02 5.525608963384288641e-01 1.729355843202675880e+00
3.790000000000000000e+02 3.867358323210881021e-01 1.948948952825754199e+00
3.800000000000000000e+02 4.074161005086088805e-01 1.881897413968673716e+00
3.810000000000000000e+02 4.290219883925744937e-01 1.762421675541433919e+00
3.820000000000000000e+02 3.758026384110563778e-01 2.065819319308994206e+00
3.830000000000000000e+02 4.009998176565707229e-01 2.931283943480976539e+00
3.840000000000000000e+02 3.703438154146819761e-01 2.268738625419487676e+00
3.850000000000000000e+02 3.743181402996643148e-01 1.978329483814503131e+00
3.860000000000000000e+02 4.013457983281261132e-01 2.267363541686589823e+00
3.870000000000000000e+02 3.675404162771376826e-01 1.662316373233238442e+00
3.880000000000000000e+02 3.886131988701935214e-01 2.128002827434861910e+00
3.890000000000000000e+02 4.351105433778114095e-01 2.513213519859606837e+00
3.900000000000000000e+02 3.953680834573137237e-01 1.825499797661927603e+00
3.910000000000000000e+02 3.599060457391837220e-01 1.951723356217649474e+00
3.920000000000000000e+02 4.235135423552318645e-01 2.316735500564223393e+00
3.930000000000000000e+02 3.619189731191190251e-01 2.003904235344694751e+00
3.940000000000000000e+02 3.814605727786937184e-01 1.675103831401069110e+00
3.950000000000000000e+02 3.769221741244259682e-01 1.966420179687886849e+00
3.960000000000000000e+02 3.448777030492756190e-01 2.117770498981856875e+00
3.970000000000000000e+02 3.664769899434044409e-01 1.827484143203333300e+00
3.980000000000000000e+02 4.076283652174174099e-01 1.815527146862399244e+00
3.990000000000000000e+02 4.207886358376942693e-01 2.226324889517050210e+00
4.000000000000000000e+02 3.357562351168132952e-01 1.529519995969195190e+00
4.010000000000000000e+02 3.873565024752357866e-01 2.423178209504041281e+00
4.020000000000000000e+02 3.809598312072826620e-01 1.974647687510594496e+00
4.030000000000000000e+02 3.809811658508714394e-01 1.804843280355684865e+00
4.040000000000000000e+02 3.470544655529404499e-01 1.736029126127744071e+00
4.050000000000000000e+02 3.869280771134446240e-01 2.554878264528265941e+00
4.060000000000000000e+02 3.427973910123643386e-01 1.839788399533742069e+00
4.070000000000000000e+02 3.328808932421133959e-01 1.946167987246300912e+00
4.080000000000000000e+02 3.699735951279874979e-01 1.823771169291846350e+00
4.090000000000000000e+02 3.679270828814850680e-01 2.300649219943631252e+00
4.100000000000000000e+02 3.382882924851671191e-01 1.997650880784299865e+00
4.110000000000000000e+02 3.840713609416554486e-01 1.981406919784077125e+00
4.120000000000000000e+02 3.348373001943843463e-01 2.359417080696094349e+00
4.130000000000000000e+02 3.384909821965777499e-01 1.910686231062342699e+00
4.140000000000000000e+02 4.201808498012798432e-01 2.032679917625567878e+00
4.150000000000000000e+02 3.464382754216316918e-01 2.214320173827550864e+00
4.160000000000000000e+02 3.687165196035802617e-01 2.289032749866010796e+00
4.170000000000000000e+02 3.087244437037056088e-01 2.340152819585140875e+00
4.180000000000000000e+02 4.433702663662507093e-01 1.785014604460076093e+00
4.190000000000000000e+02 3.533548163841067624e-01 1.897059269581339080e+00
4.200000000000000000e+02 4.234429794871282238e-01 2.348701167399616097e+00
4.210000000000000000e+02 3.170589078890551638e-01 1.628830076728914555e+00
4.220000000000000000e+02 4.398406290055550394e-01 1.926257511803997735e+00
4.230000000000000000e+02 3.710602835343659867e-01 1.785617274073411753e+00
4.240000000000000000e+02 3.413007954796827836e-01 2.626899446759904944e+00
4.250000000000000000e+02 4.007532681634584648e-01 2.069215890266195679e+00
4.260000000000000000e+02 3.066606666787299873e-01 1.647002755039115529e+00
4.270000000000000000e+02 3.954222014751509473e-01 2.139002195334837264e+00
4.280000000000000000e+02 3.313423332579741865e-01 2.226427001154734242e+00
4.290000000000000000e+02 3.631622500698243883e-01 1.913279939723271150e+00
4.300000000000000000e+02 3.737280003188811484e-01 1.814021836044967806e+00
4.310000000000000000e+02 3.873752821561372572e-01 2.210792526854531204e+00
4.320000000000000000e+02 3.482657308431015841e-01 2.335749241247338404e+00
4.330000000000000000e+02 3.995174234763601007e-01 2.375825706897976008e+00
4.340000000000000000e+02 3.582378376236896034e-01 2.469470798328358807e+00
4.350000000000000000e+02 3.202412269192451144e-01 1.993713344480218641e+00
4.360000000000000000e+02 2.847364245390527349e-01 2.383055113977001760e+00
4.370000000000000000e+02 3.650116746098995835e-01 2.376723380682105979e+00
4.380000000000000000e+02 3.548084972493649181e-01 2.360418071395240958e+00
4.390000000000000000e+02 3.311656304087835512e-01 1.799768110207881522e+00
4.400000000000000000e+02 3.447856711077643688e-01 2.253155911206832673e+00
4.410000000000000000e+02 2.924694581932560933e-01 2.041253850939819703e+00
4.420000000000000000e+02 4.514711114780700640e-01 2.235113556300806437e+00
4.430000000000000000e+02 3.452165771856228194e-01 1.691208214986891889e+00
4.440000000000000000e+02 3.630685872997478914e-01 2.469550941213850770e+00
4.450000000000000000e+02 3.727687286961938740e-01 2.227361774298086239e+00
4.460000000000000000e+02 3.005813699684797280e-01 2.154711832282363737e+00
4.470000000000000000e+02 3.753464437107135176e-01 2.673897006544649457e+00
4.480000000000000000e+02 3.632372764769300488e-01 2.083231993717715280e+00
4.490000000000000000e+02 3.580297896299293181e-01 1.624956602691322249e+00
4.500000000000000000e+02 3.654139526572424135e-01 2.423535578444989014e+00
4.510000000000000000e+02 3.382045366585235135e-01 1.801866124851912332e+00
4.520000000000000000e+02 3.510748732300445485e-01 2.156532595783883899e+00
4.530000000000000000e+02 2.948215721854549054e-01 1.961126013285553471e+00
4.540000000000000000e+02 4.026845008682785609e-01 2.067206283501948683e+00
4.550000000000000000e+02 3.513505057693303568e-01 2.111292794369699077e+00
4.560000000000000000e+02 3.075604181170933926e-01 1.906075242477627940e+00
4.570000000000000000e+02 3.706112425659120468e-01 1.940097157306934772e+00
4.580000000000000000e+02 3.729719318209469003e-01 1.808473176121162318e+00
4.590000000000000000e+02 3.029877295492721667e-01 2.036644291218524749e+00
4.600000000000000000e+02 3.719647586902708469e-01 2.161285339046366882e+00
4.610000000000000000e+02 3.054204064924748718e-01 1.862259386321915899e+00
4.620000000000000000e+02 4.083073257648047183e-01 2.081061772670247834e+00
4.630000000000000000e+02 3.568379416600945264e-01 2.409503235062512960e+00
4.640000000000000000e+02 3.191213364947164122e-01 2.067724764987986408e+00
4.650000000000000000e+02 3.355462549480385803e-01 1.935976003904679610e+00
4.660000000000000000e+02 3.327741361778681628e-01 1.622950662665652688e+00
4.670000000000000000e+02 3.759771049388778708e-01 2.240571732162147445e+00
4.680000000000000000e+02 3.134463375141517405e-01 1.528892110386568692e+00
4.690000000000000000e+02 3.538452019636769696e-01 1.843439719094658757e+00
4.700000000000000000e+02 3.739410733349204374e-01 2.143560883086947033e+00
4.710000000000000000e+02 3.149515144754864160e-01 2.029731549242491440e+00
4.720000000000000000e+02 3.610787959616290621e-01 2.418832996657001022e+00
4.730000000000000000e+02 3.719124592763861648e-01 1.949373473037040005e+00
4.740000000000000000e+02 2.790472695717313711e-01 1.605338775617186409e+00
4.750000000000000000e+02 3.401171954920266249e-01 2.171419066767538819e+00
4.760000000000000000e+02 3.272980723119096047e-01 1.952712545197131000e+00
4.770000000000000000e+02 3.103794492187152421e-01 1.861782929681230048e+00
4.780000000000000000e+02 3.232780709005637632e-01 2.028586401917418236e+00
4.790000000000000000e+02 3.122984590624079404e-01 2.044791347603277742e+00
4.800000000000000000e+02 3.357189624720934296e-01 1.736812675786640892e+00
4.810000000000000000e+02 3.638954513357437470e-01 2.226546854101201678e+00
4.820000000000000000e+02 2.861054087432905457e-01 1.716774150523172615e+00
4.830000000000000000e+02 3.439797859431631966e-01 2.273736541721678162e+00
4.840000000000000000e+02 3.146758610888796825e-01 2.691078499165548088e+00
4.850000000000000000e+02 3.242453451456578928e-01 2.228338138299054361e+00
4.860000000000000000e+02 3.498167145986375570e-01 2.598061109285017878e+00
4.870000000000000000e+02 3.274572783959268651e-01 2.162374837057931209e+00
4.880000000000000000e+02 3.386272959922719816e-01 2.167572291582227528e+00
4.890000000000000000e+02 3.904905961132422165e-01 1.964513533309491189e+00
4.900000000000000000e+02 3.387698482320784521e-01 2.110548909724948796e+00
4.910000000000000000e+02 3.139297305286570805e-01 2.462494578412783852e+00
4.920000000000000000e+02 3.324621285051543862e-01 2.064031383775163153e+00
4.930000000000000000e+02 3.452017018295705508e-01 2.173040386901656351e+00
4.940000000000000000e+02 3.384581069255007124e-01 1.917667704610048096e+00
4.950000000000000000e+02 2.897695995493874688e-01 1.696867283771298140e+00
4.960000000000000000e+02 3.235838478749324953e-01 1.881847145187506953e+00
4.970000000000000000e+02 3.304933195262710899e-01 2.773482505810059173e+00
4.980000000000000000e+02 3.289314112318403871e-01 2.349795468208793370e+00
4.990000000000000000e+02 2.733782657773379254e-01 1.431438104348248697e+00
5.000000000000000000e+02 3.777868900650532269e-01 1.857398182931949915e+00
5.010000000000000000e+02 3.350292459600646144e-01 2.033594914845057833e+00
5.020000000000000000e+02 3.001522968774446021e-01 2.044059934703985171e+00
5.030000000000000000e+02 3.558622760717402023e-01 1.927802944512960526e+00
5.040000000000000000e+02 3.463716710958064104e-01 1.774304851958279139e+00
5.050000000000000000e+02 2.965993369698252669e-01 2.048438966182702714e+00
5.060000000000000000e+02 3.318643695439960073e-01 2.883843951510943526e+00
5.070000000000000000e+02 3.436593196745458823e-01 2.343819242285510196e+00
5.080000000000000000e+02 3.053793074097029825e-01 1.944168661047236624e+00
5.090000000000000000e+02 3.593055881024027620e-01 2.778795777377994547e+00
5.100000000000000000e+02 2.771121768146446174e-01 1.905699519334667080e+00
5.110000000000000000e+02 3.609972534839610003e-01 2.505159333004929323e+00
5.120000000000000000e+02 3.001403435555569099e-01 3.300845832868655183e+00
5.130000000000000000e+02 2.902709210016926611e-01 1.772972080564718667e+00
5.140000000000000000e+02 3.665279690921791622e-01 2.041079910486341298e+00
5.150000000000000000e+02 3.552310836986022347e-01 1.963223039829236516e+00
5.160000000000000000e+02 3.031963769030074363e-01 2.000289477510935665e+00
5.170000000000000000e+02 3.429643310924093136e-01 2.275639676827988733e+00
5.180000000000000000e+02 2.974366801840899188e-01 2.585961932227724969e+00
5.190000000000000000e+02 3.559529872376591686e-01 2.377537969436879894e+00
5.200000000000000000e+02 3.043778181473672517e-01 1.608527423416231450e+00
5.210000000000000000e+02 3.241595977355428704e-01 1.875552446977700294e+00
5.220000000000000000e+02 3.190574188072087813e-01 1.969730201404764847e+00
5.230000000000000000e+02 3.240584713839336217e-01 1.887249329123079411e+00
5.240000000000000000e+02 2.805814293776588975e-01 2.638308761855973739e+00
5.250000000000000000e+02 3.442745501041567513e-01 2.278267981453059310e+00
5.260000000000000000e+02 3.077649838992000952e-01 1.943240405960200201e+00
5.270000000000000000e+02 3.190852964810051984e-01 2.296278519198275525e+00
5.280000000000000000e+02 3.054069582308653885e-01 1.972012598943051032e+00
5.290000000000000000e+02 3.243970947053430032e-01 2.020019619329367355e+00
5.300000000000000000e+02 3.687229596182650670e-01 2.124930984413568869e+00
5.310000000000000000e+02 3.767104991467707942e-01 2.290757860089959852e+00
5.320000000000000000e+02 2.853913400130173583e-01 1.582752815589377304e+00
5.330000000000000000e+02 3.031316805798695002e-01 1.959989392079882098e+00
5.340000000000000000e+02 3.022138528602639207e-01 2.386428476112412600e+00
5.350000000000000000e+02 3.088740415209246803e-01 1.926688321175113794e+00
5.360000000000000000e+02 2.940307555109125115e-01 2.065997290904254768e+00
5.370000000000000000e+02 3.277208649138461105e-01 2.140567136982801877e+00
5.380000000000000000e+02 3.595491808781862697e-01 1.890986350641089553e+00
5.390000000000000000e+02 3.040970435218744439e-01 2.342835224901659519e+00
5.400000000000000000e+02 3.350543778570319597e-01 2.801942348846459208e+00
5.410000000000000000e+02 2.833766150992912958e-01 1.601384099910519332e+00
5.420000000000000000e+02 3.000806995197055072e-01 1.697365940624301572e+00
5.430000000000000000e+02 3.186215521032351727e-01 3.752317407713507524e+00
5.440000000000000000e+02 3.256753686436061335e-01 2.210936297286307362e+00
5.450000000000000000e+02 2.970703200131334931e-01 1.848822501031667676e+00
5.460000000000000000e+02 3.279325895040519634e-01 2.155098581643697830e+00
5.470000000000000000e+02 2.511051119372402218e-01 1.696008984943688791e+00
5.480000000000000000e+02 3.121006237085347523e-01 1.844170018092095464e+00
5.490000000000000000e+02 3.794293459345642328e-01 2.422314823864059274e+00
5.500000000000000000e+02 2.434152215767713678e-01 1.976997725242110704e+00
5.510000000000000000e+02 3.017423006094048787e-01 1.797197234612273098e+00
5.520000000000000000e+02 3.594056091357752392e-01 1.567426511585803928e+00
5.530000000000000000e+02 2.764860494362336163e-01 2.153245954652718730e+00
5.540000000000000000e+02 3.171929497002941023e-01 1.762417840335043229e+00
5.550000000000000000e+02 2.718865186233028752e-01 2.289030758466588544e+00
5.560000000000000000e+02 3.145588078441233226e-01 1.953075548104610037e+00
5.570000000000000000e+02 2.814295026856394322e-01 1.904210483972927470e+00
5.580000000000000000e+02 3.046039415081751578e-01 2.174431404576689708e+00
5.590000000000000000e+02 2.974238370427315648e-01 2.168679388254285634e+00
5.600000000000000000e+02 2.884626151551999973e-01 2.332191825096141979e+00
5.610000000000000000e+02 2.957648096960049933e-01 1.736025362337056732e+00
5.620000000000000000e+02 2.862898219125863397e-01 1.977433800284061238e+00
5.630000000000000000e+02 3.399216955162815412e-01 2.423375064509988075e+00
5.640000000000000000e+02 2.821412899795394669e-01 2.119389320115706354e+00
5.650000000000000000e+02 2.918025708638842253e-01 1.998458516579436184e+00
5.660000000000000000e+02 3.355352564763642853e-01 2.136636054277786467e+00
5.670000000000000000e+02 3.057096235252846350e-01 1.915621029433383748e+00
5.680000000000000000e+02 2.805978602911880504e-01 1.854661742296819460e+00
5.690000000000000000e+02 3.092129301355709403e-01 2.280206864879977147e+00
5.700000000000000000e+02 2.820660384352673966e-01 2.035995276842249346e+00
5.710000000000000000e+02 3.679805189914203689e-01 1.548007889277374760e+00
5.720000000000000000e+02 2.949120962917608502e-01 2.117699058008267077e+00
5.730000000000000000e+02 3.106911577207526198e-01 2.468823852993192958e+00
5.740000000000000000e+02 2.877988608812400151e-01 1.781366962075416671e+00
5.750000000000000000e+02 3.441218172305637868e-01 2.305974462980865169e+00
5.760000000000000000e+02 3.208662255934151553e-01 2.341604165400960724e+00
5.770000000000000000e+02 2.775182974259006730e-01 1.716915214666023815e+00
5.780000000000000000e+02 3.013957520038267890e-01 4.502865323273267606e+00
5.790000000000000000e+02 3.072636937386160061e-01 2.056638716552663837e+00
5.800000000000000000e+02 2.743908715289810063e-01 2.583618089350687264e+00
5.810000000000000000e+02 3.182844108548239515e-01 2.298324124238091848e+00
5.820000000000000000e+02 2.799397996280389433e-01 1.751686280224180381e+00
5.830000000000000000e+02 2.965736192700492713e-01 2.061854031778151075e+00
5.840000000000000000e+02 2.972579831133205230e-01 2.417505920574229084e+00
5.850000000000000000e+02 2.744448786153492192e-01 2.049578552788120511e+00
5.860000000000000000e+02 2.965597444487595435e-01 1.742312979222076397e+00
5.870000000000000000e+02 3.193064952859266392e-01 1.430317273154602997e+00
5.880000000000000000e+02 2.953032321107821878e-01 2.414546850090202756e+00
5.890000000000000000e+02 2.900763502313576381e-01 2.172970288726407961e+00
5.900000000000000000e+02 3.156418534067877424e-01 1.721511151017864449e+00
5.910000000000000000e+02 2.977779011238758100e-01 1.738804683707276810e+00
5.920000000000000000e+02 3.082825199576937902e-01 1.747256716275544797e+00
5.930000000000000000e+02 3.103798675349935809e-01 2.132069723946707462e+00
5.940000000000000000e+02 3.067867929922653558e-01 2.545689377733456382e+00
5.950000000000000000e+02 2.641234960185174230e-01 1.823931919264903279e+00
5.960000000000000000e+02 3.196628238609393602e-01 1.538620489716713058e+00
5.970000000000000000e+02 3.060308315061103235e-01 1.462658849180019427e+00
5.980000000000000000e+02 3.047924346390237793e-01 1.794595240447927731e+00
5.990000000000000000e+02 3.299821636725946972e-01 1.925616148613198853e+00
6.000000000000000000e+02 2.979474706265445860e-01 1.902874693526284133e+00
6.010000000000000000e+02 3.270526544917999323e-01 2.105544584504287275e+00
6.020000000000000000e+02 2.498475608979301710e-01 2.231885159986176426e+00
6.030000000000000000e+02 3.163070921430882754e-01 1.522691718535855498e+00
6.040000000000000000e+02 2.700338295583149528e-01 1.813843662654566202e+00
6.050000000000000000e+02 3.081768813606362567e-01 2.114272131714769465e+00
6.060000000000000000e+02 2.729504782399795881e-01 2.116234692926597383e+00
6.070000000000000000e+02 2.852382927211289387e-01 2.748788117996192160e+00
6.080000000000000000e+02 2.534749202141238222e-01 2.197791175358855931e+00
6.090000000000000000e+02 3.389996444819185495e-01 3.694681909227151451e+00
6.100000000000000000e+02 2.887554418334026818e-01 2.126337024839609402e+00
6.110000000000000000e+02 2.672828341389649198e-01 2.297465003946776108e+00
6.120000000000000000e+02 2.642769389133716729e-01 1.942221001545954451e+00
6.130000000000000000e+02 2.699805712888033726e-01 1.757480640290519647e+00
6.140000000000000000e+02 3.446843409301634797e-01 2.634083896554926252e+00
6.150000000000000000e+02 3.160534312204860141e-01 2.502242800277498791e+00
6.160000000000000000e+02 2.724337976080240531e-01 1.856220203793726320e+00
6.170000000000000000e+02 3.130625133769419088e-01 2.016082037062871812e+00
6.180000000000000000e+02 3.185687143061027848e-01 2.065933201170187417e+00
6.190000000000000000e+02 2.658820093196919698e-01 2.218423863160445375e+00
6.200000000000000000e+02 2.764337352793855840e-01 1.565791240668699569e+00
6.210000000000000000e+02 2.873666585434686005e-01 2.099529275513281501e+00
6.220000000000000000e+02 2.999809057518993405e-01 1.882698560823127032e+00
6.230000000000000000e+02 3.198470762348504248e-01 1.704279929445269737e+00
6.240000000000000000e+02 2.504681899981179849e-01 1.682337161765852906e+00
6.250000000000000000e+02 2.997852394491741235e-01 3.003475764196955389e+00
6.260000000000000000e+02 3.086284182085651251e-01 1.988378498411398354e+00
6.270000000000000000e+02 2.682637683404721640e-01 1.821313338162529050e+00
6.280000000000000000e+02 3.304895082506233983e-01 2.095192712572862437e+00
6.290000000000000000e+02 2.556422009750622393e-01 3.061282235539636964e+00
6.300000000000000000e+02 3.027172291107667057e-01 2.502214151959631483e+00
6.310000000000000000e+02 3.142483779330750848e-01 1.892122994553292026e+00
6.320000000000000000e+02 2.725450258279584204e-01 2.176634455972369597e+00
6.330000000000000000e+02 2.553579850850297706e-01 1.866010954486243323e+00
6.340000000000000000e+02 3.201383071695010352e-01 2.921338274731613893e+00
6.350000000000000000e+02 2.793283043141217559e-01 1.803387612607988189e+00
6.360000000000000000e+02 2.788608845649072632e-01 1.787027789334181493e+00
6.370000000000000000e+02 2.886961617497439403e-01 2.210902767430436011e+00
6.380000000000000000e+02 2.657661798806831288e-01 1.701765096498890850e+00
6.390000000000000000e+02 2.758934798232515195e-01 2.110762438283354747e+00
6.400000000000000000e+02 2.834122506099496785e-01 2.200603410395609139e+00
6.410000000000000000e+02 2.935655629358340790e-01 1.603566885726975588e+00
6.420000000000000000e+02 3.313537339676563276e-01 2.195349893628543825e+00
6.430000000000000000e+02 2.373706352560830402e-01 1.809580658621136040e+00
6.440000000000000000e+02 2.872146536046660259e-01 1.865880233168418778e+00
6.450000000000000000e+02 2.557836543687422304e-01 1.635413645049943243e+00
6.460000000000000000e+02 2.510625008762497057e-01 2.303991897681158640e+00
6.470000000000000000e+02 3.371075599930107858e-01 1.960555724467733185e+00
6.480000000000000000e+02 2.652092788022817893e-01 1.887186025877335860e+00
6.490000000000000000e+02 2.891316398695775725e-01 2.272913106209305312e+00
6.500000000000000000e+02 2.371344452761823818e-01 2.101252573243300947e+00
6.510000000000000000e+02 2.769028133662096991e-01 2.184065575240760726e+00
6.520000000000000000e+02 2.560296363590918722e-01 1.871934257161598891e+00
6.530000000000000000e+02 2.458769172973133132e-01 1.838454008468651368e+00
6.540000000000000000e+02 2.450739832172516286e-01 2.145709612036263980e+00
6.550000000000000000e+02 3.416967826940572883e-01 2.084758074785340920e+00
6.560000000000000000e+02 2.964367037132901173e-01 1.710882337045742885e+00
6.570000000000000000e+02 2.826804282789086020e-01 2.446230484043947495e+00
6.580000000000000000e+02 2.899675175701220131e-01 2.578711319995182993e+00
6.590000000000000000e+02 2.617837623867311780e-01 2.554770006012806682e+00
6.600000000000000000e+02 3.015837925536272723e-01 2.617253724331130460e+00
6.610000000000000000e+02 2.324684605686120620e-01 2.256832457907188783e+00
6.620000000000000000e+02 2.962571013872801196e-01 3.788757562820446179e+00
6.630000000000000000e+02 3.246964913454383206e-01 1.974704731261492041e+00
6.640000000000000000e+02 2.378515307200652629e-01 1.750993917832085245e+00
6.650000000000000000e+02 2.975574426890648660e-01 2.140257503213604195e+00
6.660000000000000000e+02 2.523079437744374376e-01 2.081532855553927419e+00
6.670000000000000000e+02 2.675136649236204422e-01 2.538181134998890087e+00
6.680000000000000000e+02 2.978752008879307356e-01 2.178997222912109955e+00
6.690000000000000000e+02 2.717203867578987242e-01 2.726450012393078381e+00
6.700000000000000000e+02 2.852403620609439416e-01 2.219387397971204656e+00
6.710000000000000000e+02 2.669484910276747058e-01 2.097952061534477330e+00
6.720000000000000000e+02 2.774209403182876232e-01 2.025872270815566534e+00
6.730000000000000000e+02 2.497754721155858726e-01 2.188715927978082121e+00
6.740000000000000000e+02 3.066384091735701034e-01 1.649208027280054445e+00
6.750000000000000000e+02 2.744592506859149794e-01 1.924893922703240445e+00
6.760000000000000000e+02 2.807914669520297224e-01 2.144615688814728749e+00
6.770000000000000000e+02 2.676012821148825438e-01 2.724401546147195763e+00
6.780000000000000000e+02 2.728287194892788370e-01 2.441683736631214519e+00
6.790000000000000000e+02 3.023013367429448484e-01 1.945660189732611567e+00
6.800000000000000000e+02 2.832612607651139869e-01 2.282317318674606188e+00
6.810000000000000000e+02 2.617673029158757991e-01 1.875008310041119897e+00
6.820000000000000000e+02 2.638504735693902870e-01 1.915999136029666872e+00
6.830000000000000000e+02 2.826232500150048232e-01 2.219877793858494375e+00
6.840000000000000000e+02 2.717571114527841947e-01 2.095171630657213679e+00
6.850000000000000000e+02 2.569011555862783514e-01 2.001796512193577460e+00
6.860000000000000000e+02 2.750502160171169885e-01 2.037431287692256010e+00
6.870000000000000000e+02 2.906197353256784743e-01 2.129304501318162401e+00
6.880000000000000000e+02 2.587775191885570147e-01 2.168112922374004548e+00
6.890000000000000000e+02 2.743042448939851941e-01 1.681504465651036062e+00
6.900000000000000000e+02 2.861570902214210510e-01 2.122590193184473062e+00
6.910000000000000000e+02 2.487679721561484592e-01 2.033699376059384001e+00
6.920000000000000000e+02 2.531401327954531655e-01 3.337735852155084615e+00
6.930000000000000000e+02 2.775184910937179006e-01 1.804155583022743148e+00
6.940000000000000000e+02 2.792913450177797463e-01 1.800577459979899597e+00
6.950000000000000000e+02 2.661127005726708905e-01 1.383274179083594069e+00
6.960000000000000000e+02 2.562363504771879019e-01 1.580623521965952794e+00
6.970000000000000000e+02 3.012293652548605483e-01 1.773363106444867165e+00
6.980000000000000000e+02 2.525812776458019049e-01 2.110316113392878279e+00
6.990000000000000000e+02 2.748396694696554898e-01 1.696802772867697984e+00
7.000000000000000000e+02 2.643763347029725042e-01 2.322535808368395571e+00
7.010000000000000000e+02 2.627269115644632058e-01 1.861399794137606145e+00
7.020000000000000000e+02 3.072805828773058634e-01 1.978585118339175164e+00
7.030000000000000000e+02 2.084331896205775525e-01 1.716827293694843437e+00
7.040000000000000000e+02 2.881013218991111957e-01 1.894996136198029202e+00
7.050000000000000000e+02 2.942270327333980640e-01 1.806710538043770686e+00
7.060000000000000000e+02 2.309987509881988588e-01 1.852552378598812277e+00
7.070000000000000000e+02 2.781012635486027618e-01 2.126764717922415837e+00
7.080000000000000000e+02 3.057638373443909430e-01 2.172778707861717340e+00
7.090000000000000000e+02 2.690864709541419542e-01 2.008314869370877886e+00
7.100000000000000000e+02 2.502211244141012148e-01 1.622010217101160112e+00
7.110000000000000000e+02 2.821446250138572309e-01 1.975130848804010908e+00
7.120000000000000000e+02 2.324431467532497020e-01 1.502583429194448872e+00
7.130000000000000000e+02 3.046354883883753417e-01 1.936922564667673985e+00
7.140000000000000000e+02 2.355890310585518344e-01 1.777849813393916678e+00
7.150000000000000000e+02 3.089388801725869160e-01 2.634918508808001381e+00
7.160000000000000000e+02 2.119380301734056504e-01 1.674679513717393542e+00
7.170000000000000000e+02 2.866131768474313724e-01 2.099086313936201265e+00
7.180000000000000000e+02 2.710691458029503287e-01 3.294971401240968323e+00
7.190000000000000000e+02 2.874976536892463463e-01 1.781623667103171105e+00
7.200000000000000000e+02 2.529555482373461173e-01 2.175792115624599177e+00
7.210000000000000000e+02 2.963907965330126459e-01 2.088187222656566533e+00
7.220000000000000000e+02 2.922224988145623592e-01 1.967092767838508838e+00
7.230000000000000000e+02 2.954455196416188034e-01 2.027501682348881396e+00
7.240000000000000000e+02 2.517615579375901413e-01 1.808958708782166802e+00
7.250000000000000000e+02 2.611104692188553900e-01 2.621257080643590864e+00
7.260000000000000000e+02 2.762262157409694496e-01 2.956374676363076492e+00
7.270000000000000000e+02 2.767834338746550382e-01 1.885728818114085881e+00
7.280000000000000000e+02 2.320296367265514415e-01 2.033258661513321019e+00
7.290000000000000000e+02 3.003211023248021916e-01 1.639782426177814445e+00
7.300000000000000000e+02 2.395481658978839412e-01 1.638595697883453495e+00
7.310000000000000000e+02 2.547418589598124949e-01 1.506296716710572525e+00
7.320000000000000000e+02 2.779644524288844565e-01 1.757719456142361025e+00
7.330000000000000000e+02 2.959868772360873534e-01 2.595479907344929504e+00
7.340000000000000000e+02 2.919500983766550317e-01 2.551356489574121866e+00
7.350000000000000000e+02 2.500034876208991341e-01 2.058148323665565993e+00
7.360000000000000000e+02 2.563315849251968093e-01 1.651034113265768433e+00
7.370000000000000000e+02 1.976465723130899355e-01 1.822291461919676170e+00
7.380000000000000000e+02 2.967212622217407780e-01 1.690027320073679951e+00
7.390000000000000000e+02 2.756006131691174921e-01 1.855096357758693415e+00
7.400000000000000000e+02 2.313788211427136865e-01 2.170923430981907210e+00
7.410000000000000000e+02 2.843410657699574906e-01 1.784804427678683858e+00
7.420000000000000000e+02 2.759109916043638311e-01 2.183515974270400228e+00
7.430000000000000000e+02 2.165933557647546082e-01 2.120581766793621536e+00
7.440000000000000000e+02 2.764291086158688904e-01 1.737386799444617491e+00
7.450000000000000000e+02 2.863985329161028992e-01 1.702356519603875684e+00
7.460000000000000000e+02 2.664401330745097551e-01 2.046161425278483659e+00
7.470000000000000000e+02 2.245531985505602179e-01 1.512067520915861163e+00
7.480000000000000000e+02 2.977330173134531965e-01 1.633809672156420367e+00
7.490000000000000000e+02 2.235591274410670404e-01 1.793836194798693606e+00
7.500000000000000000e+02 2.930569539672320811e-01 2.128855328039822581e+00
7.510000000000000000e+02 2.754691723616550791e-01 2.150122315103557114e+00
7.520000000000000000e+02 2.536161868569100086e-01 1.796040063263267594e+00
7.530000000000000000e+02 2.570238889185423869e-01 1.926465306230770613e+00
7.540000000000000000e+02 2.329339301143916741e-01 1.836978144634703991e+00
7.550000000000000000e+02 2.471347893929194406e-01 1.466302907961304802e+00
7.560000000000000000e+02 3.067794250978385651e-01 2.084325880132695819e+00
7.570000000000000000e+02 2.340054164516045254e-01 1.974572517172348940e+00
7.580000000000000000e+02 2.560928480907561644e-01 1.671633790348715065e+00
7.590000000000000000e+02 2.740168392638837602e-01 1.882124429107994157e+00
7.600000000000000000e+02 2.345908278150237170e-01 1.520394461312418510e+00
7.610000000000000000e+02 2.568873358624322312e-01 1.841267880756184860e+00
7.620000000000000000e+02 2.562020406335485667e-01 1.818938814916185809e+00
7.630000000000000000e+02 2.556705445734910875e-01 2.184766105060020891e+00
7.640000000000000000e+02 2.466166445607029245e-01 1.667296435060222848e+00
7.650000000000000000e+02 2.705983003390203812e-01 2.357130740644744815e+00
7.660000000000000000e+02 2.541248850328038378e-01 2.544334730794352684e+00
7.670000000000000000e+02 2.504685540885712713e-01 2.301218478910384668e+00
7.680000000000000000e+02 2.579822048182396355e-01 2.033705007096040074e+00
7.690000000000000000e+02 2.405997331532620798e-01 1.870037445641149931e+00
7.700000000000000000e+02 2.508623590356474087e-01 2.075003345990510617e+00
7.710000000000000000e+02 2.558999856502885417e-01 2.456740527292184062e+00
7.720000000000000000e+02 2.801449520839858209e-01 1.960537628277838618e+00
7.730000000000000000e+02 2.428473078085396364e-01 1.922060958800777319e+00
7.740000000000000000e+02 2.565986238386065987e-01 2.257004595205714281e+00
7.750000000000000000e+02 2.575524493959800987e-01 1.822074619855748923e+00
7.760000000000000000e+02 2.762173499573801760e-01 2.112956972715492210e+00
7.770000000000000000e+02 2.562218147653964051e-01 1.857897741637105415e+00
7.780000000000000000e+02 2.662187551505550975e-01 3.374598042389947317e+00
7.790000000000000000e+02 2.283267400627837507e-01 1.877813486093383499e+00
7.800000000000000000e+02 2.828633841359834977e-01 1.956144671286305980e+00
7.810000000000000000e+02 2.272698531676199118e-01 1.564852206205259666e+00
7.820000000000000000e+02 2.773137313271049620e-01 1.936399210799491177e+00
7.830000000000000000e+02 2.480533518287478256e-01 2.066733733849591470e+00
7.840000000000000000e+02 2.382971658536560122e-01 2.018918493994370067e+00
7.850000000000000000e+02 2.582305932603594645e-01 1.815444198072231341e+00
7.860000000000000000e+02 2.535386160331248862e-01 2.155402176208027321e+00
7.870000000000000000e+02 2.389676060528775348e-01 2.070269999965544727e+00
7.880000000000000000e+02 2.498077053153627269e-01 2.280521033912576545e+00
7.890000000000000000e+02 2.643290273178450223e-01 1.409894034243582173e+00
7.900000000000000000e+02 3.232594174246543051e-01 1.737735631828484006e+00
7.910000000000000000e+02 2.509516206546633654e-01 1.987130852705139450e+00
7.920000000000000000e+02 2.632381613549660826e-01 2.077104133761240590e+00
7.930000000000000000e+02 2.424633818246082206e-01 2.040833311329972144e+00
7.940000000000000000e+02 2.242098099976690684e-01 1.948650003395139274e+00
7.950000000000000000e+02 2.605314585127195826e-01 1.804472740344737591e+00
7.960000000000000000e+02 2.260659338886404912e-01 1.891773068593577412e+00
7.970000000000000000e+02 2.520395321099413999e-01 2.635972659891834713e+00
7.980000000000000000e+02 2.742437735998379811e-01 1.875402392513374705e+00
7.990000000000000000e+02 2.535029972803115594e-01 2.065271544383235014e+00
8.000000000000000000e+02 2.399806518914158748e-01 1.853175366162887583e+00
8.010000000000000000e+02 2.680163749636402803e-01 1.881792515287384671e+00
8.020000000000000000e+02 2.597319706833574049e-01 2.029623767014839153e+00
8.030000000000000000e+02 2.381693536377509912e-01 2.084230008396318556e+00
8.040000000000000000e+02 2.572955671198589034e-01 2.151133197426978949e+00
8.050000000000000000e+02 2.460594681458379840e-01 2.115110306512741900e+00
8.060000000000000000e+02 2.564240704810933358e-01 1.909539799902662427e+00
8.070000000000000000e+02 2.555020267632994724e-01 2.438472666132468269e+00
8.080000000000000000e+02 2.308524659129566892e-01 1.853760604484839369e+00
8.090000000000000000e+02 2.490584901390001937e-01 1.819197073143931309e+00
8.100000000000000000e+02 2.955361913061804180e-01 1.518378268921613428e+00
8.110000000000000000e+02 2.201420683116739052e-01 1.827620956754904213e+00
8.120000000000000000e+02 2.938039246576832353e-01 2.302597357930126432e+00
8.130000000000000000e+02 2.256243833791963804e-01 1.909543918025109033e+00
8.140000000000000000e+02 2.560481342764413526e-01 1.962108917866251190e+00
8.150000000000000000e+02 2.484094797796809750e-01 1.747786938686341607e+00
8.160000000000000000e+02 2.337380007292446105e-01 1.925188378438055903e+00
8.170000000000000000e+02 3.184660950370676868e-01 1.972425915312290945e+00
8.180000000000000000e+02 2.447564269664851688e-01 1.618608914212697147e+00
8.190000000000000000e+02 2.450794520791834685e-01 1.789327406114147534e+00
8.200000000000000000e+02 2.543122931912401019e-01 1.977054154634841909e+00
8.210000000000000000e+02 2.693502174874023991e-01 2.774407377257691376e+00
8.220000000000000000e+02 2.516087674603019742e-01 2.097836545169261768e+00
8.230000000000000000e+02 2.726806112382019753e-01 1.803413300653390339e+00
8.240000000000000000e+02 2.289636111290184461e-01 2.380542166222075817e+00
8.250000000000000000e+02 2.635403438400036880e-01 2.018597486564823740e+00
8.260000000000000000e+02 2.302464178414500851e-01 1.863383364018207367e+00
8.270000000000000000e+02 2.286918395364817558e-01 1.794890575059410631e+00
8.280000000000000000e+02 2.696213254455438468e-01 2.139538760192566169e+00
8.290000000000000000e+02 2.302278548508174538e-01 1.543099458682738456e+00
8.300000000000000000e+02 2.472020068969316975e-01 1.872743353133194288e+00
8.310000000000000000e+02 2.247572251700261647e-01 2.435547054821078916e+00
8.320000000000000000e+02 2.676314833670069282e-01 1.953143318127926520e+00
8.330000000000000000e+02 2.524707974169586588e-01 2.142541978399508107e+00
8.340000000000000000e+02 2.685135816483153470e-01 2.513382246600501357e+00
8.350000000000000000e+02 1.989984573863672057e-01 2.231299089762838417e+00
8.360000000000000000e+02 2.411042197598062542e-01 1.988487576193157524e+00
8.370000000000000000e+02 2.765983352022414743e-01 1.848538273307401836e+00
8.380000000000000000e+02 2.385689034533884645e-01 1.899119195850214048e+00
8.390000000000000000e+02 2.765621471113151042e-01 1.742884296975377501e+00
8.400000000000000000e+02 2.275271868600524938e-01 1.900297615385275307e+00
8.410000000000000000e+02 2.403359709763969176e-01 1.815823140964713200e+00
8.420000000000000000e+02 2.402277079256590342e-01 1.635979123012993863e+00
8.430000000000000000e+02 2.790883814623330572e-01 2.191542264320150757e+00
8.440000000000000000e+02 2.520105048669808445e-01 2.191514330159317847e+00
8.450000000000000000e+02 2.199206043457247461e-01 2.260095940207555998e+00
8.460000000000000000e+02 2.539085667680984204e-01 2.076900112647248609e+00
8.470000000000000000e+02 2.529417439674540025e-01 2.051432174288549071e+00
8.480000000000000000e+02 2.408067910998746286e-01 2.335419221957158342e+00
8.490000000000000000e+02 2.447148049538283021e-01 2.238458390243225349e+00
8.500000000000000000e+02 2.234266477978049392e-01 1.578776583144192225e+00
8.510000000000000000e+02 2.550566822444040871e-01 1.860787414735363354e+00
8.520000000000000000e+02 2.220297874705247643e-01 3.524464560727003537e+00
8.530000000000000000e+02 2.365951583787952450e-01 3.229444950590119046e+00
8.540000000000000000e+02 2.553211059500097857e-01 1.744178066239012725e+00
8.550000000000000000e+02 2.227022807863006104e-01 1.613713965621045743e+00
8.560000000000000000e+02 2.798102665201600558e-01 2.337109491023050545e+00
8.570000000000000000e+02 2.399803648820693081e-01 2.291146548845434783e+00
8.580000000000000000e+02 2.216612965237074184e-01 1.772525849979593948e+00
8.590000000000000000e+02 2.346346537581963931e-01 1.810593815076918744e+00
8.600000000000000000e+02 2.651994104698761068e-01 1.168326518868887387e+00
8.610000000000000000e+02 2.653871655313851385e-01 1.788170710320480028e+00
8.620000000000000000e+02 2.246712401165001649e-01 2.149194243499943369e+00
8.630000000000000000e+02 2.528070642807139778e-01 3.121242403068483995e+00
8.640000000000000000e+02 2.255261017378226152e-01 1.616754667367070963e+00
8.650000000000000000e+02 2.451531339398364540e-01 1.726225520059260443e+00
8.660000000000000000e+02 2.907113282751259131e-01 1.903530146486015706e+00
8.670000000000000000e+02 2.188136247773144194e-01 1.773174091418217913e+00
8.680000000000000000e+02 2.494799670647587231e-01 1.702871032207975421e+00
8.690000000000000000e+02 2.463192520375104277e-01 1.720251144535164256e+00
8.700000000000000000e+02 2.160214730379318160e-01 1.873287452896985394e+00
8.710000000000000000e+02 2.237042672920025455e-01 1.749446907900445547e+00
8.720000000000000000e+02 2.847617198796467131e-01 1.720954573099514384e+00
8.730000000000000000e+02 2.540192289105239754e-01 2.175273323205575871e+00
8.740000000000000000e+02 2.445079385082131740e-01 2.161005567661994586e+00
8.750000000000000000e+02 2.114547454244998237e-01 1.694273145883680387e+00
8.760000000000000000e+02 2.657017811667325424e-01 1.782373066871396849e+00
8.770000000000000000e+02 2.628888662527486542e-01 1.892075310105002961e+00
8.780000000000000000e+02 2.232735423662745577e-01 2.127129152073838014e+00
8.790000000000000000e+02 2.652377411698891851e-01 1.993920181204096975e+00
8.800000000000000000e+02 2.143091156986610957e-01 1.906195635619800655e+00
8.810000000000000000e+02 2.504291504941543733e-01 2.073103292380243712e+00
8.820000000000000000e+02 2.462318369678078989e-01 2.034344667113871186e+00
8.830000000000000000e+02 2.434623518887770177e-01 1.909410773151298146e+00
8.840000000000000000e+02 2.351296987933713667e-01 2.926872952193158905e+00
8.850000000000000000e+02 2.458230368174755542e-01 1.972339576839851283e+00
8.860000000000000000e+02 2.368646243698058484e-01 2.105738220493182045e+00
8.870000000000000000e+02 2.583747157807816941e-01 2.057310318983461617e+00
8.880000000000000000e+02 2.399319080975124696e-01 2.426044545049125478e+00
8.890000000000000000e+02 2.679129416444888667e-01 1.855946027738158088e+00
8.900000000000000000e+02 2.463239939271763546e-01 2.023488207346832546e+00
8.910000000000000000e+02 2.473443671103277286e-01 1.916067275217234966e+00
8.920000000000000000e+02 2.500770703803018025e-01 1.634792545424079035e+00
8.930000000000000000e+02 2.167961159837355767e-01 1.943936219962511203e+00
8.940000000000000000e+02 2.508886918095823981e-01 1.947760924033122398e+00
8.950000000000000000e+02 2.482997189117416847e-01 2.623207354508970024e+00
8.960000000000000000e+02 2.285379220613663609e-01 1.641593853998843500e+00
8.970000000000000000e+02 2.285327846496531257e-01 2.038354320093966443e+00
8.980000000000000000e+02 2.419949464579959908e-01 2.055875367832623368e+00
8.990000000000000000e+02 2.243526564663099743e-01 2.142969089352773082e+00
9.000000000000000000e+02 2.373327299967054327e-01 1.892108656843686454e+00
9.010000000000000000e+02 2.550711317325488059e-01 2.106498430035264491e+00
9.020000000000000000e+02 2.094073151539813660e-01 1.989661005784838954e+00
9.030000000000000000e+02 2.693883398074379265e-01 2.003497673069826401e+00
9.040000000000000000e+02 2.568287574411834973e-01 2.132875055761381144e+00
9.050000000000000000e+02 2.497504655328744994e-01 2.151835567390863790e+00
9.060000000000000000e+02 2.273516864380976665e-01 2.029742339972160359e+00
9.070000000000000000e+02 2.485427717419014804e-01 1.566665096400154056e+00
9.080000000000000000e+02 2.101449063617214508e-01 2.016117815964050042e+00
9.090000000000000000e+02 2.600308382696372989e-01 1.821205187869328279e+00
9.100000000000000000e+02 2.642323155570720505e-01 3.752103045971895146e+00
9.110000000000000000e+02 2.228866074157874466e-01 1.949898503159964047e+00
9.120000000000000000e+02 2.266658830081986487e-01 1.886788491646082644e+00
9.130000000000000000e+02 2.363055627927781732e-01 1.606036444779731509e+00
9.140000000000000000e+02 2.455855953821405036e-01 2.233612696329752456e+00
9.150000000000000000e+02 2.715535669624223325e-01 1.906682342061981839e+00
9.160000000000000000e+02 2.214077902352270810e-01 2.035687609568535894e+00
9.170000000000000000e+02 2.360102183028226497e-01 2.191660002446211397e+00
9.180000000000000000e+02 2.117494036318715023e-01 1.900468286098240034e+00
9.190000000000000000e+02 2.412027923523752670e-01 1.773549721171412852e+00
9.200000000000000000e+02 2.390411479942309014e-01 2.204076998061665016e+00
9.210000000000000000e+02 2.300746609101590456e-01 1.871591038235138393e+00
9.220000000000000000e+02 2.152714718131998883e-01 1.794172497938305577e+00
9.230000000000000000e+02 2.462483879276956000e-01 2.523188018579087366e+00
9.240000000000000000e+02 2.689617825420983488e-01 2.431398028419131219e+00
9.250000000000000000e+02 1.945204715260534512e-01 1.984908219672933960e+00
9.260000000000000000e+02 2.452516793897471514e-01 2.114425878187844443e+00
9.270000000000000000e+02 2.482956660559975381e-01 2.815709638522334135e+00
9.280000000000000000e+02 2.702221467553340140e-01 1.801992901093033339e+00
9.290000000000000000e+02 2.164771929156723285e-01 2.346053527064404065e+00
9.300000000000000000e+02 2.196666349071202951e-01 2.320422394484418671e+00
9.310000000000000000e+02 2.059418065063189918e-01 2.140093816223965106e+00
9.320000000000000000e+02 2.511574852558755566e-01 1.745094577288297977e+00
9.330000000000000000e+02 2.143594653803039540e-01 2.230531930007876085e+00
9.340000000000000000e+02 2.247762256445958451e-01 2.340852612540835320e+00
9.350000000000000000e+02 2.636640905373809352e-01 2.036655553841188127e+00
9.360000000000000000e+02 2.390976207285512023e-01 1.828392446315783015e+00
9.370000000000000000e+02 2.077379671031052422e-01 1.744622022508659276e+00
9.380000000000000000e+02 2.562895873849414530e-01 1.871687486607541251e+00
9.390000000000000000e+02 2.378019161466055909e-01 1.783902878036147444e+00
9.400000000000000000e+02 2.390382148803075757e-01 1.673928103688675062e+00
9.410000000000000000e+02 2.067043797794690940e-01 1.760142279476980320e+00
9.420000000000000000e+02 2.520017529654706712e-01 1.894842515160228169e+00
9.430000000000000000e+02 2.452704423712086523e-01 1.954874173836774087e+00
9.440000000000000000e+02 2.338198028526669303e-01 1.990170392938839461e+00
9.450000000000000000e+02 2.379047013427339763e-01 1.766936910134123684e+00
9.460000000000000000e+02 2.002869940833332529e-01 1.758361285366404125e+00
9.470000000000000000e+02 2.314423104954821120e-01 2.002949942092192348e+00
9.480000000000000000e+02 2.413003516715953034e-01 1.992619414117112964e+00
9.490000000000000000e+02 2.264791636814161568e-01 1.889423434269226876e+00
9.500000000000000000e+02 2.344704639036881144e-01 1.883372507886403202e+00
9.510000000000000000e+02 2.542623832453317356e-01 1.778772135484053774e+00
9.520000000000000000e+02 2.698307822513301146e-01 1.954611205468712587e+00
9.530000000000000000e+02 2.139432625490487183e-01 2.128996025582063023e+00
9.540000000000000000e+02 2.253902836460614234e-01 2.268585955675479493e+00
9.550000000000000000e+02 2.519283648889440452e-01 1.894054994971338335e+00
9.560000000000000000e+02 2.315706807557521285e-01 1.665483643565492944e+00
9.570000000000000000e+02 2.360142331935278781e-01 1.573146938362062874e+00
9.580000000000000000e+02 2.474313470229437817e-01 1.643783508541031058e+00
9.590000000000000000e+02 2.153393154983053448e-01 2.000167201557833341e+00
9.600000000000000000e+02 2.163166767163820503e-01 1.890794524033131863e+00
9.610000000000000000e+02 2.282262409547555215e-01 2.562130362573673548e+00
9.620000000000000000e+02 2.070364642523415677e-01 2.027714765566285493e+00
9.630000000000000000e+02 2.619501475536916146e-01 2.032162956378427143e+00
9.640000000000000000e+02 2.700774804272619845e-01 1.941749120820685626e+00
9.650000000000000000e+02 2.482246224259592737e-01 2.332562121378111808e+00
9.660000000000000000e+02 2.235722175268641254e-01 1.951929721964119846e+00
9.670000000000000000e+02 2.188035493981477508e-01 1.935514606089086653e+00
9.680000000000000000e+02 2.089721417043017559e-01 1.675384516357093734e+00
9.690000000000000000e+02 2.249178868278089993e-01 1.628183117659959933e+00
9.700000000000000000e+02 2.444411592703756020e-01 1.504504368235621836e+00
9.710000000000000000e+02 2.033381404105535362e-01 2.069908568752892197e+00
9.720000000000000000e+02 2.149926625084399023e-01 2.295773934658771331e+00
9.730000000000000000e+02 2.305034392119682807e-01 1.876030122446391335e+00
9.740000000000000000e+02 2.117583964455216905e-01 2.254225879404035737e+00
9.750000000000000000e+02 2.226358393126576796e-01 1.995371272853259548e+00
9.760000000000000000e+02 2.415984211979919360e-01 2.359374008237308473e+00
9.770000000000000000e+02 2.124829234035908176e-01 2.075197873576994922e+00
9.780000000000000000e+02 2.449911332774387385e-01 1.619496881320912296e+00
9.790000000000000000e+02 2.107442401051327352e-01 1.952864138578306541e+00
9.800000000000000000e+02 2.177612591732452085e-01 2.333987830055107793e+00
9.810000000000000000e+02 2.335556708918772317e-01 2.253491802332771243e+00
9.820000000000000000e+02 2.412592996896195663e-01 2.163659572235083761e+00
9.830000000000000000e+02 2.554452090102571904e-01 1.859954450170748341e+00
9.840000000000000000e+02 2.262127988578117865e-01 1.837137673307673635e+00
9.850000000000000000e+02 2.460221627581421211e-01 2.091415682512860474e+00
9.860000000000000000e+02 2.158889164957207285e-01 1.771316031706497984e+00
9.870000000000000000e+02 2.110684733635394827e-01 1.665178115466772635e+00
9.880000000000000000e+02 2.430653908122373252e-01 1.846588666537939627e+00
9.890000000000000000e+02 2.225770410132105470e-01 1.877709196826096827e+00
9.900000000000000000e+02 2.054882981064961311e-01 1.911647551986295879e+00
9.910000000000000000e+02 2.461402510761671603e-01 1.863863347862173336e+00
9.920000000000000000e+02 2.429781072387235952e-01 2.237771872734327872e+00
9.930000000000000000e+02 2.359291164146870567e-01 2.156660986569253868e+00
9.940000000000000000e+02 2.305539192645311430e-01 2.209550040108816837e+00
9.950000000000000000e+02 2.329420778249398638e-01 1.973106961096486645e+00
9.960000000000000000e+02 2.207320027606148871e-01 2.207648619711856774e+00
9.970000000000000000e+02 2.280390063246783006e-01 2.107319459204666234e+00
9.980000000000000000e+02 2.032486010611671834e-01 1.820251972261478723e+00
9.990000000000000000e+02 2.573533705959217821e-01 2.169536835220735593e+00
1.000000000000000000e+03 2.161201766403886004e-01 1.766140272723548010e+00
