1.000000000000000000e+00 3.646388917977273714e+00 5.918784214660743892e+00
2.000000000000000000e+00 2.809651555203300788e+00 3.917925946669710946e+00
3.000000000000000000e+00 2.394134109496751872e+00 6.977784814881267117e+00
4.000000000000000000e+00 2.465142419529709805e+00 3.864332181983437309e+00
5.000000000000000000e+00 2.423361900004934899e+00 5.574311681128248708e+00
6.000000000000000000e+00 2.376558453814369809e+00 3.140670737473455265e+00
7.000000000000000000e+00 2.305178114320503902e+00 1.209602515956122559e+00
8.000000000000000000e+00 2.239601528152915577e+00 2.379131076775406139e+00
9.000000000000000000e+00 2.207357511822539031e+00 1.872291314465770240e+00
1.000000000000000000e+01 2.083429866381291795e+00 1.396652273991757509e+00
1.100000000000000000e+01 2.249429100800643511e+00 1.112468350721222299e+00
1.200000000000000000e+01 2.110206995489681159e+00 9.412089199508383297e-01
1.300000000000000000e+01 2.105454064588597518e+00 1.341487967170665652e+00
1.400000000000000000e+01 2.042938514159294172e+00 5.702401539240925743e+00
1.500000000000000000e+01 2.059157269429754411e+00 1.367894610757734331e+00
1.600000000000000000e+01 2.171266305285396658e+00 6.147990797705595867e+00
1.700000000000000000e+01 2.158895993376040767e+00 5.693719605637219239e+00
1.800000000000000000e+01 1.982867882384703018e+00 1.348200532682179320e+00
1.900000000000000000e+01 2.137766280383652795e+00 8.067480902492903283e+00
2.000000000000000000e+01 1.783860817551612854e+00 2.090485833111245029e+00
2.100000000000000000e+01 2.041870120511585895e+00 6.263303962072773956e+00
2.200000000000000000e+01 2.046656199836843104e+00 2.440284268891053099e+00
2.300000000000000000e+01 2.007276590518550119e+00 7.160571373695261421e+00
2.400000000000000000e+01 1.944275795786423400e+00 2.677802253119513587e+00
2.500000000000000000e+01 1.870014267814519737e+00 1.339434415879879658e+00
2.600000000000000000e+01 1.923767774028980915e+00 3.347705606146309965e+00
2.700000000000000000e+01 2.080025362572546666e+00 2.166884024419364341e+00
2.800000000000000000e+01 1.791703453802681922e+00 3.090738794348562912e+00
2.900000000000000000e+01 2.185668544855664752e+00 4.003444715191839975e+00
3.000000000000000000e+01 1.703763243222121249e+00 3.353084041477222055e+00
3.100000000000000000e+01 1.656581552035821803e+00 5.052174307588263247e+00
3.200000000000000000e+01 2.127296968809370803e+00 1.828701732987097373e+00
3.300000000000000000e+01 1.543940170377736676e+00 3.074549988082337926e+00
3.400000000000000000e+01 1.783318110948652668e+00 3.599380339144882424e+00
3.500000000000000000e+01 2.060828786105551647e+00 2.698539699271297110e+00
3.600000000000000000e+01 1.745209640602424006e+00 1.709858791979841186e+01
3.700000000000000000e+01 1.776392878687128141e+00 3.005093471844472397e+00
3.800000000000000000e+01 1.724634255890236778e+00 4.380852991760652237e+00
3.900000000000000000e+01 1.684502846224510852e+00 1.668932360498201151e+00
4.000000000000000000e+01 1.924219942188438059e+00 1.959841475303954805e+00
4.100000000000000000e+01 1.935796809148700781e+00 2.216029673377219122e+00
4.200000000000000000e+01 1.746999609956042310e+00 6.115471259610298915e+00
4.300000000000000000e+01 1.674086848478195666e+00 5.071951625008762399e+00
4.400000000000000000e+01 1.933244154168242135e+00 3.844742545101420994e+00
4.500000000000000000e+01 1.678183796082405310e+00 2.947570337945835561e+00
4.600000000000000000e+01 1.783107522463926564e+00 7.884803274132882400e+00
4.700000000000000000e+01 1.593724964685721890e+00 1.193388433674225757e+00
4.800000000000000000e+01 1.590615183010505751e+00 1.940885092655947330e+00
4.900000000000000000e+01 1.778453547428263004e+00 6.608042485173335479e+00
5.000000000000000000e+01 1.663579040577810808e+00 4.509160583987710247e+00
5.100000000000000000e+01 1.785327676287356891e+00 4.720715423976033165e+00
5.200000000000000000e+01 1.643890293601854014e+00 1.394002524907981710e+00
5.300000000000000000e+01 1.689259799698354936e+00 5.318894331840279044e+00
5.400000000000000000e+01 1.365028323046769687e+00 2.258026983376233865e+00
5.500000000000000000e+01 1.849157355884288201e+00 1.608554995273882460e+00
5.600000000000000000e+01 1.601272452452840112e+00 2.406554397906603526e+00
5.700000000000000000e+01 1.902733886892796766e+00 3.217961950753291500e+00
5.800000000000000000e+01 1.632481412803994836e+00 9.752452582752917820e+00
5.900000000000000000e+01 1.687523180275215084e+00 3.011917575926414958e+00
6.000000000000000000e+01 1.442967801572794695e+00 1.616925518431048925e+00
6.100000000000000000e+01 1.583714105784743698e+00 2.836086189182897677e+00
6.200000000000000000e+01 1.647415700172179642e+00 4.094583369001478346e+00
6.300000000000000000e+01 1.531055548229260710e+00 3.262338761209857996e+00
6.400000000000000000e+01 1.494059467608273017e+00 4.375100090686492749e+00
6.500000000000000000e+01 1.644524846305238430e+00 1.167935434873496980e+01
6.600000000000000000e+01 1.591204090701857865e+00 3.488111709887207645e+00
6.700000000000000000e+01 1.366956016326204226e+00 2.215129607264408218e+00
6.800000000000000000e+01 1.591271405450372489e+00 4.088044524751907716e+00
6.900000000000000000e+01 1.436533879568947514e+00 2.295503054318575931e+00
7.000000000000000000e+01 1.558751569345212751e+00 1.513648425774317685e+00
7.100000000000000000e+01 1.552805178025935540e+00 4.298845882322426704e+00
7.200000000000000000e+01 1.300452837364405756e+00 1.233001968891741296e+00
7.300000000000000000e+01 1.646681525249834799e+00 6.560254149880338836e+00
7.400000000000000000e+01 1.434739220180183406e+00 3.995996340647412826e+00
7.500000000000000000e+01 1.860863931231993229e+00 9.418125960021773935e+00
7.600000000000000000e+01 1.249311735144758684e+00 2.820850443101046157e+00
7.700000000000000000e+01 1.481657269363670926e+00 5.665434878568665233e+00
7.800000000000000000e+01 1.505425725562044237e+00 3.749452086879612178e+00
7.900000000000000000e+01 1.647738260032736823e+00 2.264917245891315822e+00
8.000000000000000000e+01 1.273955626148555620e+00 1.054914416341174777e+00
8.100000000000000000e+01 1.485344696550501498e+00 1.696661045072907159e+00
8.200000000000000000e+01 1.453312386354155716e+00 3.297994168314225760e+00
8.300000000000000000e+01 1.334606692366616665e+00 2.530472770795153092e+00
8.400000000000000000e+01 1.525695545637741013e+00 3.099256139789475561e+00
8.500000000000000000e+01 1.300687025118439477e+00 2.138337384234828331e+00
8.600000000000000000e+01 1.256681697558512667e+00 3.075507437035465585e+00
8.700000000000000000e+01 1.467654204842323340e+00 1.775895958623528337e+00
8.800000000000000000e+01 1.426351401508899386e+00 5.066234128121256397e+00
8.900000000000000000e+01 1.340161207104827890e+00 1.472449813056342149e+00
9.000000000000000000e+01 1.444535694549867522e+00 2.922174153475737945e+00
9.100000000000000000e+01 1.445112477097891146e+00 3.890492111006918829e+00
9.200000000000000000e+01 1.446105633599667817e+00 5.494120210457781539e+00
9.300000000000000000e+01 1.339437479048464663e+00 2.491398047078491995e+00
9.400000000000000000e+01 1.348371687566802146e+00 5.957737725088296799e+00
9.500000000000000000e+01 1.374955176033227700e+00 2.976787950241935210e+00
9.600000000000000000e+01 1.541372569311160845e+00 4.670956480172485215e+00
9.700000000000000000e+01 1.235551144348637553e+00 2.990953013325204246e+00
9.800000000000000000e+01 1.197453261780249134e+00 2.394304880310232697e+00
9.900000000000000000e+01 1.400407497165079285e+00 1.990026527186202321e+00
1.000000000000000000e+02 1.248231504671679870e+00 1.715026589824558245e+00
1.010000000000000000e+02 1.523115616799953553e+00 1.206351405839157787e+00
1.020000000000000000e+02 1.326934012193913937e+00 1.999614090067721950e+00
1.030000000000000000e+02 1.164014230279656559e+00 6.630084065006374594e+00
1.040000000000000000e+02 1.232298182911697015e+00 2.857070655651621660e+00
1.050000000000000000e+02 1.298295749787320430e+00 9.691877554913718384e+00
1.060000000000000000e+02 1.377423461340647748e+00 3.834307699763560784e+00
1.070000000000000000e+02 1.318326208974162528e+00 2.890841528214210587e+00
1.080000000000000000e+02 1.374342017309915231e+00 5.723183711629124204e+00
1.090000000000000000e+02 1.236938480642964855e+00 5.258375650128960466e+00
1.100000000000000000e+02 1.125335590481897352e+00 7.259014242430495756e+00
1.110000000000000000e+02 1.329396041800291473e+00 3.126285446020751646e+00
1.120000000000000000e+02 1.160482541619885399e+00 2.873065480205791111e+00
1.130000000000000000e+02 1.094892870396559692e+00 1.749893480568492254e+00
1.140000000000000000e+02 1.385102177871034401e+00 5.908489992723573891e+00
1.150000000000000000e+02 1.222125867476042682e+00 4.763702286787173001e+00
1.160000000000000000e+02 1.175320033617858861e+00 2.947547290686876487e+00
1.170000000000000000e+02 1.301280657851769718e+00 8.118827507118611564e+00
1.180000000000000000e+02 1.137174190424344200e+00 2.116934071515260030e+00
1.190000000000000000e+02 1.205366933001443153e+00 1.938368191493471571e+01
1.200000000000000000e+02 1.235903354195884374e+00 4.827738176940121306e+00
1.210000000000000000e+02 1.183444698439314768e+00 2.232754371683515870e+00
1.220000000000000000e+02 1.118795084826489816e+00 2.145785456477720565e+00
1.230000000000000000e+02 1.215347169670071725e+00 4.042281954751318018e+00
1.240000000000000000e+02 1.045773313457130982e+00 1.215960777894902201e+00
1.250000000000000000e+02 1.148547814980753978e+00 1.141828543210301916e+01
1.260000000000000000e+02 9.676623193824545055e-01 1.564288223159254754e+00
1.270000000000000000e+02 1.128350008368034230e+00 1.826652890900803072e+01
1.280000000000000000e+02 1.205398696654028878e+00 1.502852752974916273e+00
1.290000000000000000e+02 1.165041686573991431e+00 2.488738261272623209e+00
1.300000000000000000e+02 8.879167542500973065e-01 1.280525231147473741e+00
1.310000000000000000e+02 1.021611866561022319e+00 1.732844957908642902e+00
1.320000000000000000e+02 1.152764633255622728e+00 2.026916885259295587e+00
1.330000000000000000e+02 1.092283453378690261e+00 5.426048660745045105e+00
1.340000000000000000e+02 1.033909020905799059e+00 2.821056512207230416e+00
1.350000000000000000e+02 1.033932707871378254e+00 2.106983666318859250e+00
1.360000000000000000e+02 1.115851308991934410e+00 3.590173330820404018e+00
1.370000000000000000e+02 9.553093640136862685e-01 4.115643476389749367e+00
1.380000000000000000e+02 8.756601821004816877e-01 1.515753991646634491e+00
1.390000000000000000e+02 1.251190823472825953e+00 1.292021197168123026e+00
1.400000000000000000e+02 8.728223577775853226e-01 2.892299115171634849e+00
1.410000000000000000e+02 1.138114718433515860e+00 1.412479873193613233e+00
1.420000000000000000e+02 1.096546183406341246e+00 2.366992692379539243e+00
1.430000000000000000e+02 1.213714690601572110e+00 8.027420629684920428e+00
1.440000000000000000e+02 1.011639713414982600e+00 3.944411383173010766e+00
1.450000000000000000e+02 1.010791106712534138e+00 2.026327470970775924e+00
1.460000000000000000e+02 1.011503540543009949e+00 2.640768417137481894e+00
1.470000000000000000e+02 9.787140079831655459e-01 1.413460412966679902e+00
1.480000000000000000e+02 1.046103147109654685e+00 1.870161953796959153e+00
1.490000000000000000e+02 9.360096389625934821e-01 3.962346042738847718e+00
1.500000000000000000e+02 8.396342226700186373e-01 1.406522572915666736e+00
1.510000000000000000e+02 1.161940565663310165e+00 3.319332521074553455e+00
1.520000000000000000e+02 9.505046655205969808e-01 4.046870874541813379e+00
1.530000000000000000e+02 1.078841746303308202e+00 2.195182109929219916e+00
1.540000000000000000e+02 9.094795621138938024e-01 2.958459292500482007e+00
1.550000000000000000e+02 1.094034419919238665e+00 1.727630311085388337e+00
1.560000000000000000e+02 8.399713990743659098e-01 2.807200707191355171e+00
1.570000000000000000e+02 1.133431026661448016e+00 4.163991205843976751e+00
1.580000000000000000e+02 8.135515280051748288e-01 3.172189510082537467e+00
1.590000000000000000e+02 9.850922728902530290e-01 1.789122007993850572e+00
1.600000000000000000e+02 7.574614480493622182e-01 2.262010198238428860e+00
1.610000000000000000e+02 9.677091846085486004e-01 1.322391397023473303e+00
1.620000000000000000e+02 9.198761651543428952e-01 1.817593208339435940e+00
1.630000000000000000e+02 9.724576346417690420e-01 1.610462232476151945e+00
1.640000000000000000e+02 9.067952799158116584e-01 1.608300054715080307e+01
1.650000000000000000e+02 9.707615059133483104e-01 2.421695979928892406e+00
1.660000000000000000e+02 8.264214217035813492e-01 3.068004686719635998e+00
1.670000000000000000e+02 9.070583663384451656e-01 2.829743880821091295e+00
1.680000000000000000e+02 1.050088898872648446e+00 6.067361530238613909e+00
1.690000000000000000e+02 8.481551494009607062e-01 4.437818888544453166e+00
1.700000000000000000e+02 9.136290530327226822e-01 3.749773315271001106e+00
1.710000000000000000e+02 8.077247798850887284e-01 2.693880955118923115e+00
1.720000000000000000e+02 8.858157744250805266e-01 1.583470625356204309e+00
1.730000000000000000e+02 1.091127668493557135e+00 3.534608888003798910e+00
1.740000000000000000e+02 7.622911469738119505e-01 1.149448568941523874e+01
1.750000000000000000e+02 8.943798348897286088e-01 4.693395919939821859e+00
1.760000000000000000e+02 8.765292951759739992e-01 2.920306913226502488e+00
1.770000000000000000e+02 7.844513409731682652e-01 1.999190172207880645e+00
1.780000000000000000e+02 1.005729576148510107e+00 3.910562865691317391e+00
1.790000000000000000e+02 8.443664683306471019e-01 4.267686915047600671e+00
1.800000000000000000e+02 1.108323442864286745e+00 2.457059568332031319e+00
1.810000000000000000e+02 7.692555358919840325e-01 2.972765233349449865e+00
1.820000000000000000e+02 9.117712292414035247e-01 1.973713139725353782e+00
1.830000000000000000e+02 8.398428133541603335e-01 2.955403919710031690e+00
1.840000000000000000e+02 8.610404924063317367e-01 5.610746198143888641e+00
1.850000000000000000e+02 8.450080889118077865e-01 4.961832021616800148e+00
1.860000000000000000e+02 8.220926920506567148e-01 3.723175016546327321e+00
1.870000000000000000e+02 8.183224765102738996e-01 1.328731599873080649e+00
1.880000000000000000e+02 8.655121741111339029e-01 2.563587360242062463e+00
1.890000000000000000e+02 8.059909377209151238e-01 2.121357455339167419e+00
1.900000000000000000e+02 8.573401866999785792e-01 2.375634371164766723e+00
1.910000000000000000e+02 8.058313981760999445e-01 2.143618539340344409e+00
1.920000000000000000e+02 7.517035052461443767e-01 8.890041939391591930e-01
1.930000000000000000e+02 7.640956249713181103e-01 1.549699471980868104e+00
1.940000000000000000e+02 7.665230706769529112e-01 7.685938321746776047e+00
1.950000000000000000e+02 7.114917012402720564e-01 1.713595200712879185e+00
1.960000000000000000e+02 8.090482905624027943e-01 1.714467882721109060e+00
1.970000000000000000e+02 9.150690139086422592e-01 1.651822416467339849e+00
1.980000000000000000e+02 7.988644004077102290e-01 2.194395107726093919e+00
1.990000000000000000e+02 7.758169780292660800e-01 3.893508479412383760e+00
2.000000000000000000e+02 7.831940462939984693e-01 1.643919856668879964e+00
2.010000000000000000e+02 6.762012723621213528e-01 1.588899039911018107e+00
2.020000000000000000e+02 8.658757973173103473e-01 2.459092985747494353e+00
2.030000000000000000e+02 7.597023736088994728e-01 3.666317875778111190e+00
2.040000000000000000e+02 7.742521523891894297e-01 5.448143615224816827e+00
2.050000000000000000e+02 7.294506822649117206e-01 1.635129047451361561e+00
2.060000000000000000e+02 7.672690066735520231e-01 1.439762649489460422e+00
2.070000000000000000e+02 7.748791456501200603e-01 3.166988585745918794e+00
2.080000000000000000e+02 7.936408444554843289e-01 7.032744093392451212e+00
2.090000000000000000e+02 7.022897799577552114e-01 3.295254360987739606e+00
2.100000000000000000e+02 6.659623756096585412e-01 2.404792296750315916e+00
2.110000000000000000e+02 8.615093132473825577e-01 2.889491109241280054e+00
2.120000000000000000e+02 7.073858560853379940e-01 6.403198291971476941e+00
2.130000000000000000e+02 7.337524142731488563e-01 1.589198975734181785e+00
2.140000000000000000e+02 6.768895933884454541e-01 2.930120049837557250e+00
2.150000000000000000e+02 8.524843318031188888e-01 2.421463030003023320e+00
2.160000000000000000e+02 7.377203802550971190e-01 6.217612440395511086e+00
2.170000000000000000e+02 7.532234554119566772e-01 1.700823049366376960e+00
2.180000000000000000e+02 7.382900338725069123e-01 2.450408272603207482e+00
2.190000000000000000e+02 7.758620455436201491e-01 3.093691742634112174e+00
2.200000000000000000e+02 7.752470828133725123e-01 2.254355453550329624e+00
2.210000000000000000e+02 7.178307375375260202e-01 2.346355253681661868e+00
2.220000000000000000e+02 4.869492140770117494e-01 1.512061468928711960e+00
2.230000000000000000e+02 8.556234998105065603e-01 6.380924553116616771e+00
2.240000000000000000e+02 6.776796991388394087e-01 2.275432327248727127e+00
2.250000000000000000e+02 8.484378194437055543e-01 1.743702265216709124e+00
2.260000000000000000e+02 6.835792093578334505e-01 1.994268924143730581e+00
2.270000000000000000e+02 6.807735188016510453e-01 9.679095336702480123e-01
2.280000000000000000e+02 7.852070758000333495e-01 2.171649499001744310e+00
2.290000000000000000e+02 7.077882968437932965e-01 3.448513154298990635e+00
2.300000000000000000e+02 7.714457743244311771e-01 1.794506925937596531e+00
2.310000000000000000e+02 6.704668510144127236e-01 1.222289510302209115e+00
2.320000000000000000e+02 7.383962153074716817e-01 1.179881472183090585e+00
2.330000000000000000e+02 9.124844042401736299e-01 2.619546362470841494e+00
2.340000000000000000e+02 6.694456058524649311e-01 1.945141650626943219e+00
2.350000000000000000e+02 7.239304945173914430e-01 2.261524543676640686e+00
2.360000000000000000e+02 6.869014785327809403e-01 1.362195977573488204e+00
2.370000000000000000e+02 6.345105235446054648e-01 9.408392482247283084e-01
2.380000000000000000e+02 6.235800257358163901e-01 1.424751125385477435e+00
2.390000000000000000e+02 7.930299113869249128e-01 2.667675780238762950e+00
2.400000000000000000e+02 5.939190769896202093e-01 1.474014745645383151e+00
2.410000000000000000e+02 7.286841026011933176e-01 1.277535850811160278e+00
2.420000000000000000e+02 7.787184666583538695e-01 1.541117454236327733e+00
2.430000000000000000e+02 6.426418779536764436e-01 1.068361483429228986e+00
2.440000000000000000e+02 7.808220047342501191e-01 1.942309475256218221e+00
2.450000000000000000e+02 5.759082371567157965e-01 1.493605286806676036e+00
2.460000000000000000e+02 6.456107176797816205e-01 9.908769698555278671e-01
2.470000000000000000e+02 7.109678951983756656e-01 1.290303185655086615e+00
2.480000000000000000e+02 5.970978767219624617e-01 1.443078979193483713e+00
2.490000000000000000e+02 6.512040385152565447e-01 3.243926122954774449e+00
2.500000000000000000e+02 6.686106254031769502e-01 1.181070251672925231e+00
2.510000000000000000e+02 6.618600020066220946e-01 1.152960672269637499e+00
2.520000000000000000e+02 8.535378403547392301e-01 1.179857615351093569e+00
2.530000000000000000e+02 6.244783211738140771e-01 3.122815561333449175e+00
2.540000000000000000e+02 6.478560519345263335e-01 1.478236313550740588e+00
2.550000000000000000e+02 6.956876978380172050e-01 1.999368131841376295e+00
2.560000000000000000e+02 6.305521913513474352e-01 3.633752649020993264e+00
2.570000000000000000e+02 7.566281419918465811e-01 1.319110797630048681e+00
2.580000000000000000e+02 5.789759001357758228e-01 2.246165094328937961e+00
2.590000000000000000e+02 7.101029610669679082e-01 2.982592435295391198e+00
2.600000000000000000e+02 5.690204318675637918e-01 1.733425869443871559e+00
2.610000000000000000e+02 6.695611034117988636e-01 1.622380456177678898e+00
2.620000000000000000e+02 7.620867319712499866e-01 2.831029443134102319e+00
2.630000000000000000e+02 7.377012344275383215e-01 2.092237225170042070e+00
2.640000000000000000e+02 6.319907221138865161e-01 7.885228496974677093e+00
2.650000000000000000e+02 5.330841647780465431e-01 2.360452927053460659e+00
2.660000000000000000e+02 6.462447213238836641e-01 2.363006457613498590e+00
2.670000000000000000e+02 5.957700511831575119e-01 1.401439924807960757e+00
2.680000000000000000e+02 7.217352334207794984e-01 3.821557276789554702e+00
2.690000000000000000e+02 6.618017444110589897e-01 1.649622585800693653e+00
2.700000000000000000e+02 5.680252949000205165e-01 1.745825395498540322e+00
2.710000000000000000e+02 6.124383241255232369e-01 2.679062695915508385e+00
2.720000000000000000e+02 6.703844648765828751e-01 1.286705016311969096e+00
2.730000000000000000e+02 5.946540881136778145e-01 7.455823468539687582e+00
2.740000000000000000e+02 6.415442630392339529e-01 2.001285317671435138e+00
2.750000000000000000e+02 6.115671420041617345e-01 1.527489303959135514e+00
2.760000000000000000e+02 6.042767148082374140e-01 9.584336665870704097e-01
2.770000000000000000e+02 6.112056289671732312e-01 1.561192563171293290e+00
2.780000000000000000e+02 6.972243789028613747e-01 1.900966147419679064e+00
2.790000000000000000e+02 5.864509572457702324e-01 7.446197806135865349e+00
2.800000000000000000e+02 5.870191000910788270e-01 1.751965155803748786e+00
2.810000000000000000e+02 6.095690379498657219e-01 2.181646617940744104e+00
2.820000000000000000e+02 5.834017364673054207e-01 1.342721420438993674e+00
2.830000000000000000e+02 6.252832015720347636e-01 2.604284735332694556e+00
2.840000000000000000e+02 6.479094060519478004e-01 1.257267519661497301e+00
2.850000000000000000e+02 6.173890960556892571e-01 1.915048400301723186e+00
2.860000000000000000e+02 6.223929095027402880e-01 5.483768229772371328e+00
2.870000000000000000e+02 6.209773387947152834e-01 5.555610162787880668e+00
2.880000000000000000e+02 6.872819405621968247e-01 1.555742575138272521e+00
2.890000000000000000e+02 5.814469537635064134e-01 1.792229259189151325e+00
2.900000000000000000e+02 5.520322259436262202e-01 2.104204626301179104e+00
2.910000000000000000e+02 5.950755419616369224e-01 1.833831550635482532e+00
2.920000000000000000e+02 6.007175515820255551e-01 1.455029249580221506e+00
2.930000000000000000e+02 5.567712472901954479e-01 1.395190638196798893e+00
2.940000000000000000e+02 5.764528115258668040e-01 1.126988509350849821e+00
2.950000000000000000e+02 6.240239503845823599e-01 4.723088643290284772e+00
2.960000000000000000e+02 5.663005687404621957e-01 2.148351863391247729e+00
2.970000000000000000e+02 5.660720382574345733e-01 1.552517091080570788e+00
2.980000000000000000e+02 5.948666278669174634e-01 3.767768022092287339e+00
2.990000000000000000e+02 5.839554578020883513e-01 1.934368799211150458e+00
3.000000000000000000e+02 6.781579230694060323e-01 1.569220413780523460e+00
3.010000000000000000e+02 4.812723640349377274e-01 1.744379820286935834e+00
3.020000000000000000e+02 5.909307962773990841e-01 2.210993585734343903e+00
3.030000000000000000e+02 5.721623994289365411e-01 1.030472030841895759e+00
3.040000000000000000e+02 5.443869452531040487e-01 2.320961366275395399e+00
3.050000000000000000e+02 5.027079067030779669e-01 1.246461643091422600e+00
3.060000000000000000e+02 6.286383296794894049e-01 1.558755234831892489e+00
3.070000000000000000e+02 5.370785895144726263e-01 1.441596285165036795e+00
3.080000000000000000e+02 6.633747935414533448e-01 2.422907442097562924e+00
3.090000000000000000e+02 5.695075507921574243e-01 3.455649881145109958e+00
3.100000000000000000e+02 6.317956448994648255e-01 1.666609382940544393e+00
3.110000000000000000e+02 5.476728482285412314e-01 1.140320507581626730e+00
3.120000000000000000e+02 5.490408351129674180e-01 1.856157585127707677e+00
3.130000000000000000e+02 6.751194707012064811e-01 2.144991473311506525e+00
3.140000000000000000e+02 5.084499464267521196e-01 1.027574580411926508e+00
3.150000000000000000e+02 6.060622446238994598e-01 1.279036025627596773e+00
3.160000000000000000e+02 5.798528951751825700e-01 2.059841139864960535e+00
3.170000000000000000e+02 5.537152598714796259e-01 2.256409991818189908e+00
3.180000000000000000e+02 5.103757679462432861e-01 1.784978142764789943e+00
3.190000000000000000e+02 6.064047256558983134e-01 3.312491898046621142e+00
3.200000000000000000e+02 5.608440230736292387e-01 1.670578895346375603e+00
3.210000000000000000e+02 5.088528581703818388e-01 5.354030851827748627e+00
3.220000000000000000e+02 5.874077930914617385e-01 1.812282022216386235e+00
3.230000000000000000e+02 5.453825973449869524e-01 2.527720068251717134e+00
3.240000000000000000e+02 5.409880695308781906e-01 1.786942731692390485e+00
3.250000000000000000e+02 5.126525856572003992e-01 5.642697113373150941e+00
3.260000000000000000e+02 6.258633298773581544e-01 2.618214975562414448e+00
3.270000000000000000e+02 5.108219320257749718e-01 3.163652217018662505e+00
3.280000000000000000e+02 6.965016335883038590e-01 2.152273217966661711e+00
3.290000000000000000e+02 4.616166041418474641e-01 1.548834881424709486e+00
3.300000000000000000e+02 5.807901410019186139e-01 1.857479747706875406e+00
3.310000000000000000e+02 6.219353828024356545e-01 1.741187967445099627e+00
3.320000000000000000e+02 4.692991004218914353e-01 1.277231125808267809e+00
3.330000000000000000e+02 5.867668723172330125e-01 3.027079309180354727e+00
3.340000000000000000e+02 5.964813655762815081e-01 2.216345829831445347e+00
3.350000000000000000e+02 5.296473016447209581e-01 2.548296083633895925e+00
3.360000000000000000e+02 6.291161971438534728e-01 1.354365195088440998e+00
3.370000000000000000e+02 4.617574814944825357e-01 1.659898087017687818e+00
3.380000000000000000e+02 5.608437679650518648e-01 1.987506988581397627e+00
3.390000000000000000e+02 5.726204171893711781e-01 1.843381575425725227e+00
3.400000000000000000e+02 5.405415182418011888e-01 1.257091843867963243e+00
3.410000000000000000e+02 5.227642841274727781e-01 1.707619156767454571e+00
3.420000000000000000e+02 5.469571331453394469e-01 1.792580942150819201e+00
3.430000000000000000e+02 5.559686182844636448e-01 1.735772219995495469e+00
3.440000000000000000e+02 5.037182979590507648e-01 1.198478962429973871e+00
3.450000000000000000e+02 5.879973417266886049e-01 1.720559841073551199e+00
3.460000000000000000e+02 4.897932491053283433e-01 1.686882946852953147e+00
3.470000000000000000e+02 4.782953911521116708e-01 4.013654146458935479e+00
3.480000000000000000e+02 6.174812602502194325e-01 1.892461185548667268e+00
3.490000000000000000e+02 5.225673665644470223e-01 2.204265992948709396e+00
3.500000000000000000e+02 5.199167794308652280e-01 1.433382377927882922e+00
3.510000000000000000e+02 5.773897578469857628e-01 1.562446971215781799e+00
3.520000000000000000e+02 5.074917010168018550e-01 1.769560754396398039e+00
3.530000000000000000e+02 5.787732858474483599e-01 1.744819051484299388e+00
3.540000000000000000e+02 4.638354572209906213e-01 1.497904535996777753e+00
3.550000000000000000e+02 5.271018016644880566e-01 1.603731311748311628e+00
3.560000000000000000e+02 5.502711779676349169e-01 1.683712441613973709e+00
3.570000000000000000e+02 5.350209837028311322e-01 1.852143192369047231e+00
3.580000000000000000e+02 4.638046148544281988e-01 1.414196374171320825e+00
3.590000000000000000e+02 5.227879418079155460e-01 3.888941557527949566e+00
3.600000000000000000e+02 4.786403875485110149e-01 4.352171182243509406e+00
3.610000000000000000e+02 5.447113550421908146e-01 1.117415951282320741e+00
3.620000000000000000e+02 4.609409535213829789e-01 1.335909635460590605e+00
3.630000000000000000e+02 5.270119889475922692e-01 1.935097945456014656e+00
3.640000000000000000e+02 5.393043217506814369e-01 3.390937572591262050e+00
3.650000000000000000e+02 5.270602280666840667e-01 1.825269585332512712e+00
3.660000000000000000e+02 4.715281586318407214e-01 2.817797457413416584e+00
3.670000000000000000e+02 4.946151051124799691e-01 1.839625164307350014e+00
3.680000000000000000e+02 4.904364126117545242e-01 1.334393204133623279e+00
3.690000000000000000e+02 4.672339558004238169e-01 1.373446240705144650e+00
3.700000000000000000e+02 5.213369541871645252e-01 2.696568942575625627e+00
3.710000000000000000e+02 5.057519922413318270e-01 1.119129019499214062e+00
3.720000000000000000e+02 4.813225010631080325e-01 1.240592059070095621e+00
3.730000000000000000e+02 4.668033061632171354e-01 1.607598926659314920e+00
3.740000000000000000e+02 5.059623982202499093e-01 1.075137419179446496e+00
3.750000000000000000e+02 4.808719151355245192e-01 1.096056549234063482e+00
3.760000000000000000e+02 5.001043478531757014e-01 1.976131544999936374e+00
3.770000000000000000e+02 4.763753377604034722e-01 4.187021418068964884e+00
3.780000000000000000e+02 4.734048381246256931e-01 1.346179565831070901e+00
3.790000000000000000e+02 5.188157520074839768e-01 1.705749485659949327e+00
3.800000000000000000e+02 4.951836198473796857e-01 2.362271043060265363e+00
3.810000000000000000e+02 4.822663566886652431e-01 1.883323335141964483e+00
3.820000000000000000e+02 4.714995223545514480e-01 1.151659104991309190e+00
3.830000000000000000e+02 5.076843416238989715e-01 1.379071723578610298e+00
3.840000000000000000e+02 5.481691443277213471e-01 1.497286812127317068e+00
3.850000000000000000e+02 4.770156320356769286e-01 1.910071781370029198e+00
3.860000000000000000e+02 4.541365118810182788e-01 1.832115235302421041e+00
3.870000000000000000e+02 4.683208750917556284e-01 1.577040752423334746e+00
3.880000000000000000e+02 6.175519466969999760e-01 1.789980913258687911e+00
3.890000000000000000e+02 4.831042734902656344e-01 2.082821515022638792e+00
3.900000000000000000e+02 4.505005373065430474e-01 1.516748817087581136e+00
3.910000000000000000e+02 5.108019791893060324e-01 2.065013628410476088e+00
3.920000000000000000e+02 4.888914053817088878e-01 2.112575377375616625e+00
3.930000000000000000e+02 5.193629339200503958e-01 2.297831100507428115e+00
3.940000000000000000e+02 4.656466529044509528e-01 2.513579999447646873e+00
3.950000000000000000e+02 5.195174680111256382e-01 1.306923426772797381e+00
3.960000000000000000e+02 4.727590610740249333e-01 1.436548271342552807e+00
3.970000000000000000e+02 4.434396102788114580e-01 1.263881290328444207e+00
3.980000000000000000e+02 5.639617057928638655e-01 1.587829647406473921e+00
3.990000000000000000e+02 4.536861331141598397e-01 1.261565523474290407e+00
4.000000000000000000e+02 5.461627489080570497e-01 2.812109381689722021e+00
4.010000000000000000e+02 4.064385422005798998e-01 4.104982189797654613e+00
4.020000000000000000e+02 4.705740437620687944e-01 1.419264170123935687e+00
4.030000000000000000e+02 5.005557982446674492e-01 1.499025755177508801e+00
4.040000000000000000e+02 4.386722365719863403e-01 3.950571465064417698e+00
4.050000000000000000e+02 5.124686161959025599e-01 2.335897578111869599e+00
4.060000000000000000e+02 4.961249604821205139e-01 2.758855633401170682e+00
4.070000000000000000e+02 4.642154839475936545e-01 1.222889883872152028e+00
4.080000000000000000e+02 5.176676830637930715e-01 1.540084289493218517e+00
4.090000000000000000e+02 4.615408358997485916e-01 1.681513093229608069e+00
4.100000000000000000e+02 5.280151698352061329e-01 1.347387658732944749e+00
4.110000000000000000e+02 4.547840748750460738e-01 1.402403534528287254e+00
4.120000000000000000e+02 3.819554711566542360e-01 2.528108016312803130e+00
4.130000000000000000e+02 4.653972725843145142e-01 1.490556393128623869e+00
4.140000000000000000e+02 3.787754640934314909e-01 2.552659229586602851e+00
4.150000000000000000e+02 4.808070723021122261e-01 1.539200902568574447e+00
4.160000000000000000e+02 5.176592053903683599e-01 3.196717395673568163e+00
4.170000000000000000e+02 4.847350838706258047e-01 1.249837619056515026e+00
4.180000000000000000e+02 4.234577626124270688e-01 2.308692026099412153e+00
4.190000000000000000e+02 4.712909276181079243e-01 1.431922621672538476e+00
4.200000000000000000e+02 3.955071947524455567e-01 5.974551536908546012e+00
4.210000000000000000e+02 4.558752166199148137e-01 4.570475532413500908e+00
4.220000000000000000e+02 4.707586377700592739e-01 1.748081439665441161e+00
4.230000000000000000e+02 4.691141133728702339e-01 1.661025825954766999e+00
4.240000000000000000e+02 4.149796639734406045e-01 1.684992176090134741e+00
4.250000000000000000e+02 5.743355729142419763e-01 2.586743685394087944e+00
4.260000000000000000e+02 3.651084352998023586e-01 2.553601892309515620e+00
4.270000000000000000e+02 4.342852370005572116e-01 1.445229770892207055e+00
4.280000000000000000e+02 5.262782204915493756e-01 1.901503092702022446e+00
4.290000000000000000e+02 3.716234086172511830e-01 1.648903116510898492e+00
4.300000000000000000e+02 4.556568545546937354e-01 1.974796254716534083e+00
4.310000000000000000e+02 4.715792546289793719e-01 1.208457760281897331e+00
4.320000000000000000e+02 5.349269849052967762e-01 1.399528883409733471e+00
4.330000000000000000e+02 4.237676031214503425e-01 1.510098330348389695e+00
4.340000000000000000e+02 4.152492852287089642e-01 1.729950408756635749e+00
4.350000000000000000e+02 4.266444344884028905e-01 1.721378399147295069e+00
4.360000000000000000e+02 4.089561346517140428e-01 1.654901395030745181e+00
4.370000000000000000e+02 4.929888217442022769e-01 1.203165041875294827e+00
4.380000000000000000e+02 4.176166679185784880e-01 1.837797356468623855e+00
4.390000000000000000e+02 4.047249698700899900e-01 1.292862519548923395e+00
4.400000000000000000e+02 4.435608711340606747e-01 1.235001999246743587e+00
4.410000000000000000e+02 4.906177977298168402e-01 2.056586760097771194e+00
4.420000000000000000e+02 4.274813188950592480e-01 1.434236404460172754e+00
4.430000000000000000e+02 4.320750447899217583e-01 1.221606548614253107e+00
4.440000000000000000e+02 4.724593250963281532e-01 2.319505127569201797e+00
4.450000000000000000e+02 4.078119145203300544e-01 1.175760081697249326e+00
4.460000000000000000e+02 4.310953050376252760e-01 1.636236019080070214e+00
4.470000000000000000e+02 5.094412658882969680e-01 1.320225197767161296e+00
4.480000000000000000e+02 3.684424995321088359e-01 2.035295893667572464e+00
4.490000000000000000e+02 4.636022255862171093e-01 9.900762772287863278e-01
4.500000000000000000e+02 4.730028722924767282e-01 2.270353408855481980e+00
4.510000000000000000e+02 4.573941299047070141e-01 2.232457384199730388e+00
4.520000000000000000e+02 3.923844104070738359e-01 1.511018559749908174e+00
4.530000000000000000e+02 5.130858452377026202e-01 1.210620017852907626e+00
4.540000000000000000e+02 3.627269115225255636e-01 1.602040875988722135e+00
4.550000000000000000e+02 4.794064618330052818e-01 2.251358507702440281e+00
4.560000000000000000e+02 4.462582217341254376e-01 2.136868534624868143e+00
4.570000000000000000e+02 4.350463777984556191e-01 1.738400670871454556e+00
4.580000000000000000e+02 3.790388686501894311e-01 1.408089811416862513e+00
4.590000000000000000e+02 5.228553770141423085e-01 1.754356601304370100e+00
4.600000000000000000e+02 3.936565350881102709e-01 1.928055812056262974e+00
4.610000000000000000e+02 4.258962031158387562e-01 3.196679648139542973e+00
4.620000000000000000e+02 4.235206128042555140e-01 1.416705463877704352e+00
4.630000000000000000e+02 3.969625943709064742e-01 1.378212145257735166e+00
4.640000000000000000e+02 4.413257358143970466e-01 1.402198610842519733e+00
4.650000000000000000e+02 4.071504015853079084e-01 1.440984097818371445e+00
4.660000000000000000e+02 4.219064344751073947e-01 1.831694542097617617e+00
4.670000000000000000e+02 4.320991530474527220e-01 1.944148532718079636e+00
4.680000000000000000e+02 4.562342351019173514e-01 1.846510779993763451e+00
4.690000000000000000e+02 4.485569688866739013e-01 1.074030928471737978e+00
4.700000000000000000e+02 4.431604614600221925e-01 1.415167549305988981e+00
4.710000000000000000e+02 4.054643829849371994e-01 4.104276076032131293e+00
4.720000000000000000e+02 4.293233031302187697e-01 2.644228163006644206e+00
4.730000000000000000e+02 3.995258412629460465e-01 2.059523805416816788e+00
4.740000000000000000e+02 4.160672550827220206e-01 2.673099080462245869e+00
4.750000000000000000e+02 4.230367036753732712e-01 2.003021427313227409e+00
4.760000000000000000e+02 4.282106262880367442e-01 1.807442078485379966e+00
4.770000000000000000e+02 4.204843542719747251e-01 1.478336550477667322e+00
4.780000000000000000e+02 4.693034083362731534e-01 1.434873830435910103e+00
4.790000000000000000e+02 3.845475815556287924e-01 2.064878798425683559e+00
4.800000000000000000e+02 4.206148244123509850e-01 1.472567353707542326e+00
4.810000000000000000e+02 4.456906043285493446e-01 1.586069210804694984e+00
4.820000000000000000e+02 4.318253250149140521e-01 2.745069711282241531e+00
4.830000000000000000e+02 4.139269973841985806e-01 1.372751848538197983e+00
4.840000000000000000e+02 4.229416321725287253e-01 1.362340425881048311e+00
4.850000000000000000e+02 3.819015053585446684e-01 1.736839978379876470e+00
4.860000000000000000e+02 4.050480128919824452e-01 1.847792838370430513e+00
4.870000000000000000e+02 4.396776553519577413e-01 1.942287752231610432e+00
4.880000000000000000e+02 4.328138442623891691e-01 2.134195857491423265e+00
4.890000000000000000e+02 3.798282514317721792e-01 1.728711959004985532e+00
4.900000000000000000e+02 3.566670008793679791e-01 2.305439757872950413e+00
4.910000000000000000e+02 4.007582097770051588e-01 1.620355253604652379e+00
4.920000000000000000e+02 4.185602284520514305e-01 1.285647585574798857e+00
4.930000000000000000e+02 4.394641064516708329e-01 1.181892590071598859e+00
4.940000000000000000e+02 4.101669502827575142e-01 2.777811287472337742e+00
4.950000000000000000e+02 4.072801136456978832e-01 1.801464754255521994e+00
4.960000000000000000e+02 3.875213140268161660e-01 3.488821747252447203e+00
4.970000000000000000e+02 4.309766972790498585e-01 1.457334874893673859e+00
4.980000000000000000e+02 3.919760967748036617e-01 2.211706821136723455e+00
4.990000000000000000e+02 4.627450942286546742e-01 2.560119544117913648e+00
5.000000000000000000e+02 3.398683726100854563e-01 1.539642571430610785e+00
5.010000000000000000e+02 4.209139928443142442e-01 1.202205268632723811e+00
5.020000000000000000e+02 3.968476550851730567e-01 2.761052919250911231e+00
5.030000000000000000e+02 4.253209390743432072e-01 1.311602136633718940e+00
5.040000000000000000e+02 3.503740364640557936e-01 1.447407144706750914e+00
5.050000000000000000e+02 4.228391656096938123e-01 1.752854231325681633e+00
5.060000000000000000e+02 4.052785734071376322e-01 1.376599629979343709e+00
5.070000000000000000e+02 4.081454183337166475e-01 1.420668015861200173e+00
5.080000000000000000e+02 3.641159570545048352e-01 2.597110332517017284e+00
5.090000000000000000e+02 3.746249743974115476e-01 2.847441902168423411e+00
5.100000000000000000e+02 4.351345307015357933e-01 1.285028126461470910e+00
5.110000000000000000e+02 3.608029555505611885e-01 1.364834094125333852e+00
5.120000000000000000e+02 3.755566162236207983e-01 1.345875065050545105e+00
5.130000000000000000e+02 3.931216203627433958e-01 1.673937885835159012e+00
5.140000000000000000e+02 3.953760478799273614e-01 2.009808305912266668e+00
5.150000000000000000e+02 3.738907079134148326e-01 2.410693968100804607e+00
5.160000000000000000e+02 3.599587016629942071e-01 2.090058999582760535e+00
5.170000000000000000e+02 3.835425824996803734e-01 1.312284955776146234e+00
5.180000000000000000e+02 4.375956739666148065e-01 1.518759215830978615e+00
5.190000000000000000e+02 4.095983817155780526e-01 1.468192710767562303e+00
5.200000000000000000e+02 4.045656151435476633e-01 1.680008871520324076e+00
5.210000000000000000e+02 4.700870884889990498e-01 1.771474541400424041e+00
5.220000000000000000e+02 3.548902813541131018e-01 1.511599615580883960e+00
5.230000000000000000e+02 3.100875747544197258e-01 3.404232932148322011e+00
5.240000000000000000e+02 3.784563290314476025e-01 1.668297613036574090e+00
5.250000000000000000e+02 4.053752338529352794e-01 1.924131971004542141e+00
5.260000000000000000e+02 4.519708449060612643e-01 1.452906590495957495e+00
5.270000000000000000e+02 3.940300629497653917e-01 1.774208321462447557e+00
5.280000000000000000e+02 4.592061217160934850e-01 1.501176051661785360e+00
5.290000000000000000e+02 4.093100737751589890e-01 1.222091450485086384e+00
5.300000000000000000e+02 3.387631989539937605e-01 1.213517175024135364e+00
5.310000000000000000e+02 4.113069423940110547e-01 1.542225306808073348e+00
5.320000000000000000e+02 4.776868314760159828e-01 1.309476825677551304e+00
5.330000000000000000e+02 3.862682991342151206e-01 1.585229225007005915e+00
5.340000000000000000e+02 4.173453129986499088e-01 1.339408387173252724e+00
5.350000000000000000e+02 3.309190218274083994e-01 1.425014089021169328e+00
5.360000000000000000e+02 4.090879642741477307e-01 3.134537676613637913e+00
5.370000000000000000e+02 3.879407179994562305e-01 2.251080052887635130e+00
5.380000000000000000e+02 4.735347220273635194e-01 2.067596472495920601e+00
5.390000000000000000e+02 3.425685651096522788e-01 1.999389203979373919e+00
5.400000000000000000e+02 4.366479693678866902e-01 1.474709462526377468e+00
5.410000000000000000e+02 3.721957215086051374e-01 1.271192579440541648e+00
5.420000000000000000e+02 3.921839039176229780e-01 2.768279045479915990e+00
5.430000000000000000e+02 3.693042426033222858e-01 1.946356533791073762e+00
5.440000000000000000e+02 3.652017529295609188e-01 1.807051506166940325e+00
5.450000000000000000e+02 4.516721182995914186e-01 3.097118078787214124e+00
5.460000000000000000e+02 3.639900637218833057e-01 1.723351381925735337e+00
5.470000000000000000e+02 4.038241787793788729e-01 1.247748174636243323e+00
5.480000000000000000e+02 3.891294801427149785e-01 1.573452297762206520e+00
5.490000000000000000e+02 4.141709248911827346e-01 1.285377100280214124e+00
5.500000000000000000e+02 3.564679779225546907e-01 1.965299335817333848e+00
5.510000000000000000e+02 4.575691464066127256e-01 2.068356526325810574e+00
5.520000000000000000e+02 3.155465285150848564e-01 2.094026344246421090e+00
5.530000000000000000e+02 3.816754436140606388e-01 1.417120395729631221e+00
5.540000000000000000e+02 4.311037177844201373e-01 1.533666637943386091e+00
5.550000000000000000e+02 3.361596560224573427e-01 1.352412639200979205e+00
5.560000000000000000e+02 3.823610963970099363e-01 1.320198450741915774e+00
5.570000000000000000e+02 3.835354385411406941e-01 1.184417866571497946e+00
5.580000000000000000e+02 3.858814369106475795e-01 3.128278001486574311e+00
5.590000000000000000e+02 3.810943705815866278e-01 1.430219242078833997e+00
5.600000000000000000e+02 3.710545719187413605e-01 1.712822349094838881e+00
5.610000000000000000e+02 3.541913677469122335e-01 1.019646236597033129e+00
5.620000000000000000e+02 3.855138027343552598e-01 2.167173000669401439e+00
5.630000000000000000e+02 3.733938853720588646e-01 2.310005082780735464e+00
5.640000000000000000e+02 3.986497542399917160e-01 2.238692141668248148e+00
5.650000000000000000e+02 3.553387343107231033e-01 1.547129283138044986e+00
5.660000000000000000e+02 3.661617343334985231e-01 1.638997176245802878e+00
5.670000000000000000e+02 3.929087908708067678e-01 1.960421050353306827e+00
5.680000000000000000e+02 3.710503748392187107e-01 1.418956986721149338e+00
5.690000000000000000e+02 3.915669276042187397e-01 1.506854748356400764e+00
5.700000000000000000e+02 3.761512760099693375e-01 1.446194637366259084e+00
5.710000000000000000e+02 3.690442597653078027e-01 1.183060500789038683e+00
5.720000000000000000e+02 4.167920355556763434e-01 1.770248320227151506e+00
5.730000000000000000e+02 3.867624046896471213e-01 1.636591508376851190e+00
5.740000000000000000e+02 4.267196416715525187e-01 1.510880762756745987e+00
5.750000000000000000e+02 3.925459063059102416e-01 1.612510258571942190e+00
5.760000000000000000e+02 3.538736696309170982e-01 1.676248720283414873e+00
5.770000000000000000e+02 4.060713963688544759e-01 1.371014924850588290e+00
5.780000000000000000e+02 3.260680998550032350e-01 1.762658698232099974e+00
5.790000000000000000e+02 3.789579353909543480e-01 2.071402680329358592e+00
5.800000000000000000e+02 3.803535253459356946e-01 2.090390345400737093e+00
5.810000000000000000e+02 3.448776289793302197e-01 1.932081145524589649e+00
5.820000000000000000e+02 3.714472558053910634e-01 1.247346316815200584e+00
5.830000000000000000e+02 3.311153310062611155e-01 2.154978993569073964e+00
5.840000000000000000e+02 4.237678894282660980e-01 1.407775113088660657e+00
5.850000000000000000e+02 3.248583822546747268e-01 2.391904217189521287e+00
5.860000000000000000e+02 3.930417986704562994e-01 2.161532377924460402e+00
5.870000000000000000e+02 3.713958472396639010e-01 2.371195591487853527e+00
5.880000000000000000e+02 3.853216157032782752e-01 2.028879721440848716e+00
5.890000000000000000e+02 3.302753103592495632e-01 1.623139200358367562e+00
5.900000000000000000e+02 3.821184502995099708e-01 2.254802962695210411e+00
5.910000000000000000e+02 3.899444806285166654e-01 1.663188235989208064e+00
5.920000000000000000e+02 3.710366504147966094e-01 1.629066829580272824e+00
5.930000000000000000e+02 3.573066240798891680e-01 1.317987091486839013e+00
5.940000000000000000e+02 3.508419281235320986e-01 1.478340794658971946e+00
5.950000000000000000e+02 3.612977622381970955e-01 1.778009638311812468e+00
5.960000000000000000e+02 3.238828850973176077e-01 1.475710509262893932e+00
5.970000000000000000e+02 3.887654292456647065e-01 1.407426105529604676e+00
5.980000000000000000e+02 3.660964171025066216e-01 1.369281426777069655e+00
5.990000000000000000e+02 3.560388052646654700e-01 1.586836941576704074e+00
6.000000000000000000e+02 3.293462397253259510e-01 1.293492850432777175e+00
6.010000000000000000e+02 4.023852800436165666e-01 1.312433618122368362e+00
6.020000000000000000e+02 3.570077927896028736e-01 1.671805929204184693e+00
6.030000000000000000e+02 3.290625598202360225e-01 1.433336374421298576e+00
6.040000000000000000e+02 3.535812104665085331e-01 1.765502592381606561e+00
6.050000000000000000e+02 3.467859588563442230e-01 1.623127074848380369e+00
6.060000000000000000e+02 3.956745443019000219e-01 1.389592901723030849e+00
6.070000000000000000e+02 3.285959776728711312e-01 1.795085752185367145e+00
6.080000000000000000e+02 3.377620046124167330e-01 3.788552185450642540e+00
6.090000000000000000e+02 3.552363383976998024e-01 1.742254847803473616e+00
6.100000000000000000e+02 3.329411050740708755e-01 1.260523111162916932e+00
6.110000000000000000e+02 3.251505728357392266e-01 1.984299115411220171e+00
6.120000000000000000e+02 3.951307772833709264e-01 2.123834873879325347e+00
6.130000000000000000e+02 4.054948380100327210e-01 1.748957462839745736e+00
6.140000000000000000e+02 3.517380586090858574e-01 1.198053728308996702e+00
6.150000000000000000e+02 4.009763386021268916e-01 1.437929115715462558e+00
6.160000000000000000e+02 3.411224057089607409e-01 1.902056722423186352e+00
6.170000000000000000e+02 3.796085858209679587e-01 1.641007089109249639e+00
6.180000000000000000e+02 4.029854447029453390e-01 1.482769144981564757e+00
6.190000000000000000e+02 3.504113892463714963e-01 2.264815922856914465e+00
6.200000000000000000e+02 4.108665439118764362e-01 1.999036517170475147e+00
6.210000000000000000e+02 3.128424524626833292e-01 1.581610264727575377e+00
6.220000000000000000e+02 4.051784035524478855e-01 1.702385699379502570e+00
6.230000000000000000e+02 3.605839273859531291e-01 1.523631905556503074e+00
6.240000000000000000e+02 3.409848886671558166e-01 1.670651111575557568e+00
6.250000000000000000e+02 2.957689974647986220e-01 1.510909772716571897e+00
6.260000000000000000e+02 3.810468516609770151e-01 1.098413780599005962e+00
6.270000000000000000e+02 3.655518463864551593e-01 1.273627510467516766e+00
6.280000000000000000e+02 3.705394138469267351e-01 1.146615899406482786e+00
6.290000000000000000e+02 4.129026918822087944e-01 1.657903983775787626e+00
6.300000000000000000e+02 2.867485702909687850e-01 1.145758622816686279e+00
6.310000000000000000e+02 3.817077644491538302e-01 1.598002224528575654e+00
6.320000000000000000e+02 3.174185525731065827e-01 1.803860288459752992e+00
6.330000000000000000e+02 3.881061862184440603e-01 1.311233875024182538e+00
6.340000000000000000e+02 3.752285687965820626e-01 2.034181193465315118e+00
6.350000000000000000e+02 3.028609235870077243e-01 1.571567243697398197e+00
6.360000000000000000e+02 3.224303563243460236e-01 1.120306852396705244e+00
6.370000000000000000e+02 3.532973126586712587e-01 1.285432714039116409e+00
6.380000000000000000e+02 3.375326123960474822e-01 1.525778565865745451e+00
6.390000000000000000e+02 3.085843260369051655e-01 1.454057427837253558e+00
6.400000000000000000e+02 3.694425023424145471e-01 1.892113266819647421e+00
6.410000000000000000e+02 3.520500205409722860e-01 1.647307877342230276e+00
6.420000000000000000e+02 3.217331943039823394e-01 1.544993189672466904e+00
6.430000000000000000e+02 3.462085330833634678e-01 1.721864804552585504e+00
6.440000000000000000e+02 3.486792514140301669e-01 1.729335884382829702e+00
6.450000000000000000e+02 3.870402106081907712e-01 1.770544795869419596e+00
6.460000000000000000e+02 3.262793843550920170e-01 2.085274521717239704e+00
6.470000000000000000e+02 3.247596735708948024e-01 1.488480280872075845e+00
6.480000000000000000e+02 3.208469431191100507e-01 1.323400043254964409e+00
6.490000000000000000e+02 3.658481923506615163e-01 3.994366639978928379e+00
6.500000000000000000e+02 3.907157384751137053e-01 1.347302123442365218e+00
6.510000000000000000e+02 3.155182359283380533e-01 1.770776324521075695e+00
6.520000000000000000e+02 3.463858052929665310e-01 1.650510377051585209e+00
6.530000000000000000e+02 3.243729947211050346e-01 1.812439687683765177e+00
6.540000000000000000e+02 3.295469299728580048e-01 1.257195891213844785e+00
6.550000000000000000e+02 3.418189271333370027e-01 2.538685525416549904e+00
6.560000000000000000e+02 3.565031054889903905e-01 2.933659028073508424e+00
6.570000000000000000e+02 3.693092535943426902e-01 9.978667250659687404e-01
6.580000000000000000e+02 3.660659836193101424e-01 1.470073652014646903e+00
6.590000000000000000e+02 3.379778503366455134e-01 1.622791412117819521e+00
6.600000000000000000e+02 3.738611034836230029e-01 1.128473079807412072e+00
6.610000000000000000e+02 3.287589863517443867e-01 1.460255744017745716e+00
6.620000000000000000e+02 3.370770212977572400e-01 1.738235784977139708e+00
6.630000000000000000e+02 3.675724590415846427e-01 1.875742467639885724e+00
6.640000000000000000e+02 3.291906457668673514e-01 1.000669254175406975e+00
6.650000000000000000e+02 3.939345455449339006e-01 1.534823850453580496e+00
6.660000000000000000e+02 3.657622942543921618e-01 1.273737014312339655e+00
6.670000000000000000e+02 3.481117048403281067e-01 2.744047184752795854e+00
6.680000000000000000e+02 3.121515956639964728e-01 2.112333039086172093e+00
6.690000000000000000e+02 3.697804589590219515e-01 1.721746494777828707e+00
6.700000000000000000e+02 3.040379804180707302e-01 1.106901639437403162e+00
6.710000000000000000e+02 3.670634348738066599e-01 4.521301926835326057e+00
6.720000000000000000e+02 2.995499910418717993e-01 1.008254725917517414e+00
6.730000000000000000e+02 3.607981042091427115e-01 1.193549378661113769e+00
6.740000000000000000e+02 3.090172505354837340e-01 3.768011759389283011e+00
6.750000000000000000e+02 3.152342578379095372e-01 2.093467294294721448e+00
6.760000000000000000e+02 3.240634742673280666e-01 1.301519967311747017e+00
6.770000000000000000e+02 3.348683135614786699e-01 1.431287350701274441e+00
6.780000000000000000e+02 3.304100730951796128e-01 1.235807254594457394e+00
6.790000000000000000e+02 3.449760610297077368e-01 1.499721572896979271e+00
6.800000000000000000e+02 3.287888317727986620e-01 1.895434642304798523e+00
6.810000000000000000e+02 3.341298092982071810e-01 2.700366504040666804e+00
6.820000000000000000e+02 3.241804071799564979e-01 1.436036614181555926e+00
6.830000000000000000e+02 3.271311248512215331e-01 1.797496266602303105e+00
6.840000000000000000e+02 3.184452106920222514e-01 1.353668608731585676e+00
6.850000000000000000e+02 3.938154241371520925e-01 1.117043231478717535e+00
6.860000000000000000e+02 3.171879703153809849e-01 1.227159929606109312e+00
6.870000000000000000e+02 3.359782081386604724e-01 1.328883279692290476e+00
6.880000000000000000e+02 3.021422125328201980e-01 1.304019888063822741e+00
6.890000000000000000e+02 3.774399988254972804e-01 1.427166211177240962e+00
6.900000000000000000e+02 3.267366869593128498e-01 2.539545776793462828e+00
6.910000000000000000e+02 3.971122687598225287e-01 1.529717072188173654e+00
6.920000000000000000e+02 2.868521600329710930e-01 1.529906226799110813e+00
6.930000000000000000e+02 3.044354619180902333e-01 2.732399343471931807e+00
6.940000000000000000e+02 3.854886579217964848e-01 1.151677748118489220e+00
6.950000000000000000e+02 3.109235770722956760e-01 1.215858953423056610e+00
6.960000000000000000e+02 2.972894688235952487e-01 1.379048433525527306e+00
6.970000000000000000e+02 3.090653775677869586e-01 1.868429966696323774e+00
6.980000000000000000e+02 3.684019936277583840e-01 1.548384276144267213e+00
6.990000000000000000e+02 3.558187522062536412e-01 1.358702284379651015e+00
7.000000000000000000e+02 3.024418207286972415e-01 1.267392735302351081e+00
7.010000000000000000e+02 3.269861046462617105e-01 1.604855999277622125e+00
7.020000000000000000e+02 2.978866737659993658e-01 1.821437534266934000e+00
7.030000000000000000e+02 3.274112334890439402e-01 1.392215392426215503e+00
7.040000000000000000e+02 3.547810820670134757e-01 1.383665772091117185e+00
7.050000000000000000e+02 2.955001571984974817e-01 1.173226431765719724e+00
7.060000000000000000e+02 3.745685979726418591e-01 2.249558014154045438e+00
7.070000000000000000e+02 2.982824221688810673e-01 1.527955260887426059e+00
7.080000000000000000e+02 3.145091979110494762e-01 1.336595101807673602e+00
7.090000000000000000e+02 3.568727290373406857e-01 2.242823238279457954e+00
7.100000000000000000e+02 2.983431437936523989e-01 2.927353363247135576e+00
7.110000000000000000e+02 3.192915627401646250e-01 1.179230954868758507e+00
7.120000000000000000e+02 3.190448412086673291e-01 1.147172737277156962e+00
7.130000000000000000e+02 3.276436067713304201e-01 2.357493148931282256e+00
7.140000000000000000e+02 3.884703175768587369e-01 1.333023342475611051e+00
7.150000000000000000e+02 2.991259487389045235e-01 1.288267648628446338e+00
7.160000000000000000e+02 2.957822466273800632e-01 1.304678196230292464e+00
7.170000000000000000e+02 2.795290204514882526e-01 1.379023744075955626e+00
7.180000000000000000e+02 3.246721252006419256e-01 1.784069130218437493e+00
7.190000000000000000e+02 3.441085019291173497e-01 1.338775857335008146e+00
7.200000000000000000e+02 3.946097727512294373e-01 1.704038647220729841e+00
7.210000000000000000e+02 3.686998752750274000e-01 1.440435479749085257e+00
7.220000000000000000e+02 2.754317138423311162e-01 1.452894848867108291e+00
7.230000000000000000e+02 3.316374815133362741e-01 1.437802022471902363e+00
7.240000000000000000e+02 3.669303049700231023e-01 1.382414684015619510e+00
7.250000000000000000e+02 3.140334331376446464e-01 1.654679094889424551e+00
7.260000000000000000e+02 2.927983464237223221e-01 2.666692176806401804e+00
7.270000000000000000e+02 3.239976919006875566e-01 1.370267192652330435e+00
7.280000000000000000e+02 3.385405902731973837e-01 1.885752234626166368e+00
7.290000000000000000e+02 3.181348520636318455e-01 1.217363077898010015e+00
7.300000000000000000e+02 3.048559638096930979e-01 1.595752519748339315e+00
7.310000000000000000e+02 3.203664879296096446e-01 1.331621052001467742e+00
7.320000000000000000e+02 2.981005443203213479e-01 1.105746863716772665e+00
7.330000000000000000e+02 3.321905876410768399e-01 1.619037585876894170e+00
7.340000000000000000e+02 3.486522778878672901e-01 2.774574673778664735e+00
7.350000000000000000e+02 3.183742507975152458e-01 1.700979467900697761e+00
7.360000000000000000e+02 2.932429601310563849e-01 1.144315698115704993e+00
7.370000000000000000e+02 3.898561053929176512e-01 1.318051475685144469e+00
7.380000000000000000e+02 3.054759115363863131e-01 1.241663892253576984e+00
7.390000000000000000e+02 3.082616723057503005e-01 1.637790401744220192e+00
7.400000000000000000e+02 3.223959836548408453e-01 1.423492120199063571e+00
7.410000000000000000e+02 2.907577053565854608e-01 1.146577978795348729e+00
7.420000000000000000e+02 3.436266988401401878e-01 1.103454930747313822e+00
7.430000000000000000e+02 3.210840733237608213e-01 1.473629625547574040e+00
7.440000000000000000e+02 3.020798652309453214e-01 1.402927991227652438e+00
7.450000000000000000e+02 3.211576458304486459e-01 1.411691295089379405e+00
7.460000000000000000e+02 3.528691602833956553e-01 1.628622540836427657e+00
7.470000000000000000e+02 3.588104156460342198e-01 2.136160167648197383e+00
7.480000000000000000e+02 3.159567173966701947e-01 1.263161066694710843e+00
7.490000000000000000e+02 3.054349981578050599e-01 1.679250047024078096e+00
7.500000000000000000e+02 3.142218405442704365e-01 1.356956599878837100e+00
7.510000000000000000e+02 2.975354061481800261e-01 1.286689973480355187e+00
7.520000000000000000e+02 2.974424580363085324e-01 1.413441962557943521e+00
7.530000000000000000e+02 3.214453678086118815e-01 1.730886407913625025e+00
7.540000000000000000e+02 2.989862056765976162e-01 1.263178158934314732e+00
7.550000000000000000e+02 3.699489967276445301e-01 2.135987245433676573e+00
7.560000000000000000e+02 2.949312736567480941e-01 1.177550684763984723e+00
7.570000000000000000e+02 3.186911344577960103e-01 1.280071679375105465e+00
7.580000000000000000e+02 3.072113704902338926e-01 1.399868453307408389e+00
7.590000000000000000e+02 3.499831185603225481e-01 1.216329385464187451e+00
7.600000000000000000e+02 3.011062192880046284e-01 2.434235665187555853e+00
7.610000000000000000e+02 3.237854792391404168e-01 1.386728425107616847e+00
7.620000000000000000e+02 3.176937921230533202e-01 1.384423573682203257e+00
7.630000000000000000e+02 3.067798441928144548e-01 1.608773166456580306e+00
7.640000000000000000e+02 3.243368397468238129e-01 3.749654426076867164e+00
7.650000000000000000e+02 3.093598161889826170e-01 1.455962046324526193e+00
7.660000000000000000e+02 3.046545349092590338e-01 1.630508213603282686e+00
7.670000000000000000e+02 3.301186282396077476e-01 2.127884559296861600e+00
7.680000000000000000e+02 2.906363230925765317e-01 1.547703138377888088e+00
7.690000000000000000e+02 3.229060320453903121e-01 1.428080384046763074e+00
7.700000000000000000e+02 3.087095468340662063e-01 2.642285185186936669e+00
7.710000000000000000e+02 3.128892595231742013e-01 1.023118256939177018e+00
7.720000000000000000e+02 3.357437350008917187e-01 1.201722320394064791e+00
7.730000000000000000e+02 2.842238904971434721e-01 1.322202382041035129e+00
7.740000000000000000e+02 2.998837342763200908e-01 1.265282241788618256e+00
7.750000000000000000e+02 3.720914849256037327e-01 2.039056576484568062e+00
7.760000000000000000e+02 2.867018750373141467e-01 1.292428311574322919e+00
7.770000000000000000e+02 3.631830920881413127e-01 1.668103328147875652e+00
7.780000000000000000e+02 2.759708680289977845e-01 1.100996605918224569e+00
7.790000000000000000e+02 3.526985435324412888e-01 1.389100287225079278e+00
7.800000000000000000e+02 2.781722469861488967e-01 1.747216191999674928e+00
7.810000000000000000e+02 3.024269551672834067e-01 1.218958644503286948e+00
7.820000000000000000e+02 2.642417939211729738e-01 1.563327205025546895e+00
7.830000000000000000e+02 3.346626525142989417e-01 1.764730722052432643e+00
7.840000000000000000e+02 2.943126450669258376e-01 1.468032342185787487e+00
7.850000000000000000e+02 3.060704984085766411e-01 1.866521509981077687e+00
7.860000000000000000e+02 3.186815415087158598e-01 1.236024102028975946e+00
7.870000000000000000e+02 2.982378235443475245e-01 1.297578576727364652e+00
7.880000000000000000e+02 3.152916099093039382e-01 1.755416998369269788e+00
7.890000000000000000e+02 3.040221634751116286e-01 1.709021593870968747e+00
7.900000000000000000e+02 3.782268138053441753e-01 1.380700607673184477e+00
7.910000000000000000e+02 2.702989625670034202e-01 1.337229281518043100e+00
7.920000000000000000e+02 3.153164101713865075e-01 1.373083061631313218e+00
7.930000000000000000e+02 2.767660428484844948e-01 1.614330144438035797e+00
7.940000000000000000e+02 3.412478300964400524e-01 1.202957377153742069e+00
7.950000000000000000e+02 2.504839545290305503e-01 2.210971372357005915e+00
7.960000000000000000e+02 3.506380579948902843e-01 1.990373007819469686e+00
7.970000000000000000e+02 2.885068861251682271e-01 1.038762533839725055e+00
7.980000000000000000e+02 3.210471911712529658e-01 3.786755690566867116e+00
7.990000000000000000e+02 2.720290928634170324e-01 1.360872987335696616e+00
8.000000000000000000e+02 2.923195750472393217e-01 1.572860435016003589e+00
8.010000000000000000e+02 3.535458678239066233e-01 1.286389790584757220e+00
8.020000000000000000e+02 3.279000398643473480e-01 1.785534971689905603e+00
8.030000000000000000e+02 2.748001415941068171e-01 1.579477267105855454e+00
8.040000000000000000e+02 3.009455817323790638e-01 1.160743547788840813e+00
8.050000000000000000e+02 3.328650439197712863e-01 1.363083960764948754e+00
8.060000000000000000e+02 2.600915021516381209e-01 1.111994838247874817e+00
8.070000000000000000e+02 2.993926167668051752e-01 1.294953148380578289e+00
8.080000000000000000e+02 3.202922763501075964e-01 2.178826947002193037e+00
8.090000000000000000e+02 2.879113788694313003e-01 9.739271347907783039e-01
8.100000000000000000e+02 2.779218755608947600e-01 1.270823745120796877e+00
8.110000000000000000e+02 3.315695468855732186e-01 1.901267826654393645e+00
8.120000000000000000e+02 2.682837105177818260e-01 1.368272494239091586e+00
8.130000000000000000e+02 3.145999172936746469e-01 2.128576866370818887e+00
8.140000000000000000e+02 3.275842636506608452e-01 2.033690001116685853e+00
8.150000000000000000e+02 2.617619987654952740e-01 1.398449827173989135e+00
8.160000000000000000e+02 3.148273233872898036e-01 2.672034200991930675e+00
8.170000000000000000e+02 3.134545185305970816e-01 2.274686178997717967e+00
8.180000000000000000e+02 2.710321330956187436e-01 1.492907925589438634e+00
8.190000000000000000e+02 3.606162181401506572e-01 2.150165339473021131e+00
8.200000000000000000e+02 2.252729152683663194e-01 1.562919451887027966e+00
8.210000000000000000e+02 3.214605896520503214e-01 1.506987960556397388e+00
8.220000000000000000e+02 3.308658949788366166e-01 1.585553258122666564e+00
8.230000000000000000e+02 2.821082337264050888e-01 1.442783396454075273e+00
8.240000000000000000e+02 3.187263281541627968e-01 1.508555230269813308e+00
8.250000000000000000e+02 2.867758898389500821e-01 1.253321656297898379e+00
8.260000000000000000e+02 2.928166093532102443e-01 1.231946874890008425e+00
8.270000000000000000e+02 2.730783778899777414e-01 1.298699027270710626e+00
8.280000000000000000e+02 3.143126979223932471e-01 1.228638855026363386e+00
8.290000000000000000e+02 2.784829941396423370e-01 1.145741922139732472e+00
8.300000000000000000e+02 3.407508492031883773e-01 1.642172938653345460e+00
8.310000000000000000e+02 2.598200891540579094e-01 1.583174677890821114e+00
8.320000000000000000e+02 3.108652719157807276e-01 1.988504441682899637e+00
8.330000000000000000e+02 2.559770049754636623e-01 1.277800630686917183e+00
8.340000000000000000e+02 2.967167293653202864e-01 1.747861663241176311e+00
8.350000000000000000e+02 2.561674951203260497e-01 1.303740870699797050e+00
8.360000000000000000e+02 3.307665299893540189e-01 1.667803142043544629e+00
8.370000000000000000e+02 2.880041713128604908e-01 1.360254694159229283e+00
8.380000000000000000e+02 3.115624789055888022e-01 2.653374952748782434e+00
8.390000000000000000e+02 2.924041615892061796e-01 1.119048111104265164e+00
8.400000000000000000e+02 3.366002450952308434e-01 1.221479489013771458e+00
8.410000000000000000e+02 2.787717525012347042e-01 1.460763146690598813e+00
8.420000000000000000e+02 2.879970109938957967e-01 1.722548534488989036e+00
8.430000000000000000e+02 3.192922112305388582e-01 2.168053993782055766e+00
8.440000000000000000e+02 2.811006982595420367e-01 1.582190123117767300e+00
8.450000000000000000e+02 3.140818856110416113e-01 1.122850918944858112e+00
8.460000000000000000e+02 2.831720652176593633e-01 1.222911523080766782e+00
8.470000000000000000e+02 3.066344532470588469e-01 1.788592444158495054e+00
8.480000000000000000e+02 2.829383223363126643e-01 1.186752997837097867e+00
8.490000000000000000e+02 3.286182993908202121e-01 1.717195332925432361e+00
8.500000000000000000e+02 3.273332356351666972e-01 1.731129939560011266e+00
8.510000000000000000e+02 2.768088397398120737e-01 1.475563698938970214e+00
8.520000000000000000e+02 2.850396097089555880e-01 1.515629136640134877e+00
8.530000000000000000e+02 2.909944789211386662e-01 1.096234869898629727e+00
8.540000000000000000e+02 3.313844549544447959e-01 3.301106024332964406e+00
8.550000000000000000e+02 3.063151653023151733e-01 1.240410168641543187e+00
8.560000000000000000e+02 2.941816374771502041e-01 1.411177241782768821e+00
8.570000000000000000e+02 2.752303872776859506e-01 1.473788704607653877e+00
8.580000000000000000e+02 2.973826687927934032e-01 1.286408852597434205e+00
8.590000000000000000e+02 2.828037396886945998e-01 1.068278946164770593e+00
8.600000000000000000e+02 3.326546774107090876e-01 1.671526239027206984e+00
8.610000000000000000e+02 2.750115679268947400e-01 2.334047247885101761e+00
8.620000000000000000e+02 2.796259220384122446e-01 1.496448941176322656e+00
8.630000000000000000e+02 2.965556448127361078e-01 1.690826147065465968e+00
8.640000000000000000e+02 2.794709632979847647e-01 1.482402169393287394e+00
8.650000000000000000e+02 3.312629103551107401e-01 1.438947955896959341e+00
8.660000000000000000e+02 2.602868312675898355e-01 1.837271910701645972e+00
8.670000000000000000e+02 2.904505548166467777e-01 1.926096295260294022e+00
8.680000000000000000e+02 2.552125935824834935e-01 2.445137910119472124e+00
8.690000000000000000e+02 3.118305790427332580e-01 1.283082878220139778e+00
8.700000000000000000e+02 2.962588138329722010e-01 1.345429183316658506e+00
8.710000000000000000e+02 2.954533773404884323e-01 1.370836069980608807e+00
8.720000000000000000e+02 2.816075653828012393e-01 1.209831374698906448e+00
8.730000000000000000e+02 2.743379811916950017e-01 1.747195923406187124e+00
8.740000000000000000e+02 2.675153789843650598e-01 1.498137638386077608e+00
8.750000000000000000e+02 2.818734085437876180e-01 2.200121413047317454e+00
8.760000000000000000e+02 2.742217126683254014e-01 2.099656214332891846e+00
8.770000000000000000e+02 3.109522285012972787e-01 1.390022007423357353e+00
8.780000000000000000e+02 3.306716466352087047e-01 1.503906839337278978e+00
8.790000000000000000e+02 2.380834564249566243e-01 1.341860231723132069e+00
8.800000000000000000e+02 3.067970981347165060e-01 2.188854308929567782e+00
8.810000000000000000e+02 2.565447439443171440e-01 1.114517991830629828e+00
8.820000000000000000e+02 3.076541014830523335e-01 1.346735847521372653e+00
8.830000000000000000e+02 2.900276110368840143e-01 1.173487341034470832e+00
8.840000000000000000e+02 3.011079620806133561e-01 2.725881325770747043e+00
8.850000000000000000e+02 3.160641221455529060e-01 1.820275155502275810e+00
8.860000000000000000e+02 3.057350997440921314e-01 1.480587210876906701e+00
8.870000000000000000e+02 2.768550464343220718e-01 1.414386729820712008e+00
8.880000000000000000e+02 2.728757163950429332e-01 1.277154922485351562e+00
8.890000000000000000e+02 3.199661780894549334e-01 1.704080586721224311e+00
8.900000000000000000e+02 2.555328036876434727e-01 2.319735847717397270e+00
8.910000000000000000e+02 3.172333197969992025e-01 1.735046867736984355e+00
8.920000000000000000e+02 2.954682682905676594e-01 1.869070580791299063e+00
8.930000000000000000e+02 2.688996511867456918e-01 2.013437976455999756e+00
8.940000000000000000e+02 2.982265533919030154e-01 1.164032114757799219e+00
8.950000000000000000e+02 3.594241287154334441e-01 2.666025887500209191e+00
8.960000000000000000e+02 2.673329971015383499e-01 1.491166267562262560e+00
8.970000000000000000e+02 2.722615850567617901e-01 1.668226849196591255e+00
8.980000000000000000e+02 3.383405397230006550e-01 1.699646869355274870e+00
8.990000000000000000e+02 2.739162317504069133e-01 1.497006726498316009e+00
9.000000000000000000e+02 2.668557649045699698e-01 1.732812320913809545e+00
9.010000000000000000e+02 3.087454205919376027e-01 2.230967667130039356e+00
9.020000000000000000e+02 2.861282951217956616e-01 1.708427063743986452e+00
9.030000000000000000e+02 2.697483324202418209e-01 1.192558364805934135e+00
9.040000000000000000e+02 2.919335534435656965e-01 1.447290988186249683e+00
9.050000000000000000e+02 3.090234837950543989e-01 1.491476897411595282e+00
9.060000000000000000e+02 2.559753432260329364e-01 1.760765556215656558e+00
9.070000000000000000e+02 2.830354125501914897e-01 2.075074228143614086e+00
9.080000000000000000e+02 2.937259358840975110e-01 1.464001771870872881e+00
9.090000000000000000e+02 2.638222891441051043e-01 1.658540555839632002e+00
9.100000000000000000e+02 2.835863750035465536e-01 1.606999770852130860e+00
9.110000000000000000e+02 3.220458320488335247e-01 2.181193312268467022e+00
9.120000000000000000e+02 2.364341047077281321e-01 8.975778520593440390e-01
9.130000000000000000e+02 2.718492239079576822e-01 1.729897579788967299e+00
9.140000000000000000e+02 3.041779747549093194e-01 1.361424722154222167e+00
9.150000000000000000e+02 3.117402544240749918e-01 1.158716330617714840e+00
9.160000000000000000e+02 2.639117261208562826e-01 1.332930820217723689e+00
9.170000000000000000e+02 2.840670847269743948e-01 1.516560440545758892e+00
9.180000000000000000e+02 3.254440993911576485e-01 1.646333665482177189e+00
9.190000000000000000e+02 2.457609023916878521e-01 1.597372967208968042e+00
9.200000000000000000e+02 2.658075574125505769e-01 1.406047527397242813e+00
9.210000000000000000e+02 2.720555834687399255e-01 1.768388397347479879e+00
9.220000000000000000e+02 2.848545672509761317e-01 1.430187173613132856e+00
9.230000000000000000e+02 2.691186479431517675e-01 9.857929478267277723e-01
9.240000000000000000e+02 2.859227630150114052e-01 1.507369121272256640e+00
9.250000000000000000e+02 2.494212682947508919e-01 1.069388597766104620e+00
9.260000000000000000e+02 3.082898773948384852e-01 1.549108903618076738e+00
9.270000000000000000e+02 2.313404466877592436e-01 2.064830416372899879e+00
9.280000000000000000e+02 2.869236582103605881e-01 2.052325815011004195e+00
9.290000000000000000e+02 2.970012765239045671e-01 1.387677030695593228e+00
9.300000000000000000e+02 2.299960136730620219e-01 1.110389079296958403e+00
9.310000000000000000e+02 2.837741968279032800e-01 1.850439248135583803e+00
9.320000000000000000e+02 2.897453541139824451e-01 1.131265515215439610e+00
9.330000000000000000e+02 2.570313566524052296e-01 1.840500941187094730e+00
9.340000000000000000e+02 2.864942024844638890e-01 1.308322533114310460e+00
9.350000000000000000e+02 2.696289476799837992e-01 1.373058869535343396e+00
9.360000000000000000e+02 2.935053745232115707e-01 1.407521599754812724e+00
9.370000000000000000e+02 2.452888265214792085e-01 3.002278394839114295e+00
9.380000000000000000e+02 3.159900634590145363e-01 1.577422504129456504e+00
9.390000000000000000e+02 2.366574859654969054e-01 1.615273513082190027e+00
9.400000000000000000e+02 2.422209962453562015e-01 1.391704402389962070e+00
9.410000000000000000e+02 2.606014684875215814e-01 1.628019023291632950e+00
9.420000000000000000e+02 2.622611642774585472e-01 3.528915931116698435e+00
9.430000000000000000e+02 2.791180802090256763e-01 1.082806979462528796e+00
9.440000000000000000e+02 2.790555891951449485e-01 1.370110352898888717e+00
9.450000000000000000e+02 2.819535308672243556e-01 1.850070250170460229e+00
9.460000000000000000e+02 2.912533330557083300e-01 1.844604122891511544e+00
9.470000000000000000e+02 2.459273545998606481e-01 9.861151106400357635e-01
9.480000000000000000e+02 2.507608316665819181e-01 1.409529460779410881e+00
9.490000000000000000e+02 2.628750391372915440e-01 1.261234997050019402e+00
9.500000000000000000e+02 2.606872759994550703e-01 1.425804830394794553e+00
9.510000000000000000e+02 2.730110472058549509e-01 2.110645692850209532e+00
9.520000000000000000e+02 2.661242979354901395e-01 1.160589536193144422e+00
9.530000000000000000e+02 2.717451926692138198e-01 2.696702381720550878e+00
9.540000000000000000e+02 2.867842150049986771e-01 1.349998691634291648e+00
9.550000000000000000e+02 2.572987867722349442e-01 2.194241439148807871e+00
9.560000000000000000e+02 2.746939860666249844e-01 1.771082395441574864e+00
9.570000000000000000e+02 2.821243968023284809e-01 1.314585917439390794e+00
9.580000000000000000e+02 2.522742723951874599e-01 1.516839027015847829e+00
9.590000000000000000e+02 2.729376403412410723e-01 2.045500253872614582e+00
9.600000000000000000e+02 2.821213730957217725e-01 1.751657814516717870e+00
9.610000000000000000e+02 2.772551050770758474e-01 1.568772013677469435e+00
9.620000000000000000e+02 2.911434839222263316e-01 1.421241540698787276e+00
9.630000000000000000e+02 2.611388575602718864e-01 1.043726952585466217e+00
9.640000000000000000e+02 2.793978610566821286e-01 2.310812994084194827e+00
9.650000000000000000e+02 2.570556586287638390e-01 2.408029082159817147e+00
9.660000000000000000e+02 2.865251265547076320e-01 1.312040950598568845e+00
9.670000000000000000e+02 2.598925982896623799e-01 1.944852676127124091e+00
9.680000000000000000e+02 2.772284785855053113e-01 1.333237793083875466e+00
9.690000000000000000e+02 2.744868731116548166e-01 2.052345127207614528e+00
9.700000000000000000e+02 2.992912289151485883e-01 1.439432578802497753e+00
9.710000000000000000e+02 2.296792474294031272e-01 1.673987951208677716e+00
9.720000000000000000e+02 2.693408349243357480e-01 1.369042268293327869e+00
9.730000000000000000e+02 2.945444403176611936e-01 1.335347281194627866e+00
9.740000000000000000e+02 2.472302058561061666e-01 1.440467119216918945e+00
9.750000000000000000e+02 2.504589384576278444e-01 1.912987982954519994e+00
9.760000000000000000e+02 2.843800084676302853e-01 1.328984711531908225e+00
9.770000000000000000e+02 2.484233563283505253e-01 1.434797019203957635e+00
9.780000000000000000e+02 2.963070350057355196e-01 1.473874595192478321e+00
9.790000000000000000e+02 2.449493220353380074e-01 1.887105023880378152e+00
9.800000000000000000e+02 2.641958171795039112e-01 1.310406526383529169e+00
9.810000000000000000e+02 2.404319946321414048e-01 1.104168539140586214e+00
9.820000000000000000e+02 3.061211942198240887e-01 1.575321338694013917e+00
9.830000000000000000e+02 2.680135824745416562e-01 1.471957876281676070e+00
9.840000000000000000e+02 2.844196090984472125e-01 1.537100790764340363e+00
9.850000000000000000e+02 2.490872232679356979e-01 1.537814292977723651e+00
9.860000000000000000e+02 2.800321904370665638e-01 1.720429601132577924e+00
9.870000000000000000e+02 2.804542403826688068e-01 1.702968521374862654e+00
9.880000000000000000e+02 2.503707067617950699e-01 8.995672094880270420e-01
9.890000000000000000e+02 2.556233769924936561e-01 1.215068471859563237e+00
9.900000000000000000e+02 3.012109378233869261e-01 1.314291525042659892e+00
9.910000000000000000e+02 2.550186486986610324e-01 1.820094573750581368e+00
9.920000000000000000e+02 2.765755316519991069e-01 1.250352870290081020e+00
9.930000000000000000e+02 2.905470371286147380e-01 1.827849622165592880e+00
9.940000000000000000e+02 2.807760541522457132e-01 1.443570259830885494e+00
9.950000000000000000e+02 2.523849952899742122e-01 1.639281866601007387e+00
9.960000000000000000e+02 2.421326196702260347e-01 1.404700347737425803e+00
9.970000000000000000e+02 3.003991087781983094e-01 3.577370891757734928e+00
9.980000000000000000e+02 2.780999077801554198e-01 1.949151724820035847e+00
9.990000000000000000e+02 3.031929259279133038e-01 1.980480675207265673e+00
1.000000000000000000e+03 2.594595795616190248e-01 1.187277383944338682e+00
