1.000000000000000000e+00 5.231650741804040550e+00 9.579932482346243949e-01
2.000000000000000000e+00 3.227862713446143950e+00 1.668473934781724122e+00
3.000000000000000000e+00 2.696349964342044547e+00 1.154575596684994876e+00
4.000000000000000000e+00 2.796420835508341529e+00 1.342881472214408456e+00
5.000000000000000000e+00 2.734131319832255880e+00 8.837434398955192894e-01
6.000000000000000000e+00 2.635542435500457970e+00 1.180430864942246583e+00
7.000000000000000000e+00 2.398004642121361218e+00 6.932348358458366722e-01
8.000000000000000000e+00 2.393452407067058640e+00 1.093559648679650387e+00
9.000000000000000000e+00 2.325415146259861121e+00 7.267000053239904833e-01
1.000000000000000000e+01 2.328786921561825984e+00 7.082657105680825183e-01
1.100000000000000000e+01 2.158076091425412901e+00 1.246591191360916007e+00
1.200000000000000000e+01 2.166166805887343560e+00 1.532028643981270255e+00
1.300000000000000000e+01 2.377784828193314937e+00 5.963150107342264361e-01
1.400000000000000000e+01 2.128147111139224723e+00 1.681167685467263917e+00
1.500000000000000000e+01 2.348925649968115703e+00 6.676838639853657220e-01
1.600000000000000000e+01 2.261018496129955757e+00 1.474432475324990000e+00
1.700000000000000000e+01 1.891576468489552187e+00 5.488034780474676522e-01
1.800000000000000000e+01 2.206867959208160812e+00 1.366924645676129035e+00
1.900000000000000000e+01 1.919856278040936948e+00 7.102149673130201402e-01
2.000000000000000000e+01 2.184999055686494440e+00 6.261845982593038373e-01
2.100000000000000000e+01 2.014236329772697065e+00 6.265845791153286104e-01
2.200000000000000000e+01 1.850933481112084555e+00 6.522824254588804882e-01
2.300000000000000000e+01 1.960216027769175362e+00 9.851212743399799798e-01
2.400000000000000000e+01 1.923711367753835777e+00 5.769506364628889106e-01
2.500000000000000000e+01 1.733892587380858163e+00 7.378977329834647270e-01
2.600000000000000000e+01 1.898823520751914629e+00 6.162842408470485811e-01
2.700000000000000000e+01 1.854251683819991614e+00 6.373324722483537652e-01
2.800000000000000000e+01 1.944594579116078803e+00 9.320938794509224801e-01
2.900000000000000000e+01 1.588316858196869852e+00 9.738907623982083761e-01
3.000000000000000000e+01 1.990544561969718185e+00 8.126717771309009963e-01
3.100000000000000000e+01 1.538463086341366637e+00 1.375779898270316659e+00
3.200000000000000000e+01 2.083527209952890757e+00 1.345672267070715078e+00
3.300000000000000000e+01 1.654921036653029587e+00 7.224568128585815430e-01
3.400000000000000000e+01 1.740974086993219982e+00 1.009932393613068857e+00
3.500000000000000000e+01 1.757068265267092810e+00 2.366998302763787088e+00
3.600000000000000000e+01 1.629618875796978283e+00 6.765664124834365190e-01
3.700000000000000000e+01 1.476993717158417097e+00 1.120974984721861079e+00
3.800000000000000000e+01 1.952624878799072317e+00 1.279921137768289308e+00
3.900000000000000000e+01 1.620006112348639116e+00 7.567247160966845687e-01
4.000000000000000000e+01 1.721224816945883029e+00 7.188218175501063234e-01
4.100000000000000000e+01 1.642507914190340479e+00 8.722768901050954593e-01
4.200000000000000000e+01 1.804177461373500435e+00 7.560093575629635021e-01
4.300000000000000000e+01 1.331280673429862782e+00 9.208380942759306631e-01
4.400000000000000000e+01 1.535078246023211967e+00 8.297187737796617446e-01
4.500000000000000000e+01 1.688316299184284830e+00 7.814465096031409930e-01
4.600000000000000000e+01 1.657418774436145048e+00 9.293909357941668725e-01
4.700000000000000000e+01 1.519549942805263454e+00 8.714169868524523910e-01
4.800000000000000000e+01 1.686381431541057463e+00 7.921450742776843246e-01
4.900000000000000000e+01 1.538366374017021476e+00 9.756655917651411158e-01
5.000000000000000000e+01 1.303751182403319886e+00 1.017470916976099371e+00
5.100000000000000000e+01 1.635532407297028534e+00 1.072491175886513437e+00
5.200000000000000000e+01 1.287261078679228010e+00 8.463220216225886272e-01
5.300000000000000000e+01 1.553515543767817420e+00 9.100225766499837610e-01
5.400000000000000000e+01 1.398907814317077225e+00 1.300063630808954596e+00
5.500000000000000000e+01 1.873514037626693662e+00 9.273704212644825473e-01
5.600000000000000000e+01 1.416750649459489475e+00 1.036568176919135498e+00
5.700000000000000000e+01 1.452978451282550099e+00 8.315338812012603720e-01
5.800000000000000000e+01 1.617569327053397510e+00 1.011841742024905511e+00
5.900000000000000000e+01 1.426564762307183987e+00 1.041766187850979852e+00
6.000000000000000000e+01 1.487936004275887347e+00 8.747834537340246630e-01
6.100000000000000000e+01 1.511734394323431596e+00 9.253824197727701373e-01
6.200000000000000000e+01 1.231678112317587503e+00 8.714563241903332536e-01
6.300000000000000000e+01 1.651896218764476343e+00 1.101863607980202886e+00
6.400000000000000000e+01 1.415643692471598936e+00 1.238863471625507806e+00
6.500000000000000000e+01 1.358128198078873750e+00 1.131216266880864740e+00
6.600000000000000000e+01 1.405157948985244376e+00 9.780982819156370800e-01
6.700000000000000000e+01 1.410291457449206920e+00 8.698657457379327385e-01
6.800000000000000000e+01 1.312902335295543788e+00 9.667163776314776635e-01
6.900000000000000000e+01 1.411833419020359415e+00 9.075455406437749062e-01
7.000000000000000000e+01 1.496010026997990128e+00 9.640701663666877419e-01
7.100000000000000000e+01 1.198388666976195838e+00 1.164471624554067386e+00
7.200000000000000000e+01 1.558521365660887392e+00 1.157663100007651602e+00
7.300000000000000000e+01 1.311657253690440283e+00 1.137867177742114988e+00
7.400000000000000000e+01 1.224125107584412175e+00 1.085722616617230463e+00
7.500000000000000000e+01 1.381477427012441028e+00 9.833220459412836956e-01
7.600000000000000000e+01 1.375173746932857322e+00 1.033105912415877681e+00
7.700000000000000000e+01 1.375879688875669027e+00 1.043015656263931890e+00
7.800000000000000000e+01 1.247785061597824097e+00 1.201748264008674072e+00
7.900000000000000000e+01 1.264309585246117695e+00 1.231064689332160400e+00
8.000000000000000000e+01 1.187414010972467127e+00 9.907827239105666539e-01
8.100000000000000000e+01 1.282367454660244377e+00 1.048672468765922128e+00
8.200000000000000000e+01 1.275908090701006969e+00 1.076788495416226565e+00
8.300000000000000000e+01 1.280032741811135910e+00 2.124617567960766618e+00
8.400000000000000000e+01 1.246923741469016411e+00 1.597118020057678223e+00
8.500000000000000000e+01 1.291421075963010701e+00 2.405346872150034176e+00
8.600000000000000000e+01 9.960604777166255364e-01 1.348452689854995112e+00
8.700000000000000000e+01 1.255647398133314274e+00 1.145248997038689209e+00
8.800000000000000000e+01 1.280872840159418713e+00 9.754155217737391359e-01
8.900000000000000000e+01 1.137274106495252957e+00 1.078096961629563477e+00
9.000000000000000000e+01 1.369062717330971513e+00 1.107878579609635983e+00
9.100000000000000000e+01 1.081144378385471061e+00 9.697302191153817086e-01
9.200000000000000000e+01 1.228208074587902043e+00 1.316765987354776124e+00
9.300000000000000000e+01 1.180744816328733071e+00 1.276171214338661875e+00
9.400000000000000000e+01 1.258214401893126722e+00 1.092553569786790524e+00
9.500000000000000000e+01 1.152302110285470027e+00 1.062855787899183113e+00
9.600000000000000000e+01 1.142063525114350719e+00 1.348688187806502681e+00
9.700000000000000000e+01 1.257134113223801419e+00 1.397537571796472422e+00
9.800000000000000000e+01 1.113300057692078848e+00 1.516748892224353273e+00
9.900000000000000000e+01 1.174094978482971952e+00 1.130600848059723385e+00
1.000000000000000000e+02 1.170278902272231747e+00 1.086214587308358404e+00
1.010000000000000000e+02 1.181631484938638454e+00 1.166520275931427486e+00
1.020000000000000000e+02 1.184227945998728160e+00 1.400784385377082275e+00
1.030000000000000000e+02 1.147188165412301064e+00 1.780162013095358153e+00
1.040000000000000000e+02 9.778624737384058463e-01 1.234033619148143801e+00
1.050000000000000000e+02 1.124114672646267632e+00 1.243013516716335198e+00
1.060000000000000000e+02 1.083541035955492227e+00 1.318554133608721202e+00
1.070000000000000000e+02 1.048918519538777572e+00 1.191952413406924816e+00
1.080000000000000000e+02 9.560787101434994328e-01 1.084967919017957527e+00
1.090000000000000000e+02 1.138219151636419735e+00 1.144726900086886712e+00
1.100000000000000000e+02 1.060339668021553994e+00 1.152721109597579341e+00
1.110000000000000000e+02 1.110674431381638128e+00 1.149403715479201171e+00
1.120000000000000000e+02 9.922541426944975207e-01 1.197551533795785161e+00
1.130000000000000000e+02 1.175869379334777420e+00 1.473062969636226072e+00
1.140000000000000000e+02 1.040674240382876370e+00 1.094807307789291251e+00
1.150000000000000000e+02 1.101820261727155970e+00 1.343844332556793697e+00
1.160000000000000000e+02 1.111465314493227829e+00 1.451157474863356445e+00
1.170000000000000000e+02 1.033007260421456852e+00 1.666976559853208251e+00
1.180000000000000000e+02 1.026163611096583494e+00 1.327277955801590581e+00
1.190000000000000000e+02 9.979147646162245255e-01 1.247426205787105946e+00
1.200000000000000000e+02 1.067256868038422013e+00 1.175374342047649900e+00
1.210000000000000000e+02 1.053683072328567505e+00 1.380248848942742912e+00
1.220000000000000000e+02 1.087196646439723580e+00 1.311263880867888920e+00
1.230000000000000000e+02 9.403501711122255191e-01 1.191027313038922841e+00
1.240000000000000000e+02 1.055405436581327683e+00 1.199509669041288085e+00
1.250000000000000000e+02 1.050231719896690175e+00 1.236277611359305917e+00
1.260000000000000000e+02 9.550478766963939048e-01 1.221116330312645992e+00
1.270000000000000000e+02 9.724027204301217697e-01 1.106454692025115483e+00
1.280000000000000000e+02 9.197813257192953840e-01 9.760162804437719775e-01
1.290000000000000000e+02 9.562914291107623699e-01 1.044009578400763916e+00
1.300000000000000000e+02 8.995049751617691935e-01 1.044246956922005864e+00
1.310000000000000000e+02 1.031291466110791921e+00 1.235411523044973148e+00
1.320000000000000000e+02 1.046794915289589900e+00 1.602534431478251475e+00
1.330000000000000000e+02 9.409303504687088759e-01 1.168261249860127693e+00
1.340000000000000000e+02 1.067881383475759893e+00 1.233766773472661615e+00
1.350000000000000000e+02 9.543967169659738348e-01 1.458557315494703133e+00
1.360000000000000000e+02 9.409552892350186992e-01 1.257518075514530764e+00
1.370000000000000000e+02 8.927230072840479647e-01 1.056313787681468996e+00
1.380000000000000000e+02 1.075702673578873725e+00 1.118301041748212654e+00
1.390000000000000000e+02 8.299873128495447450e-01 1.172867241113082271e+00
1.400000000000000000e+02 9.497153808673223230e-01 1.005045380281365475e+00
1.410000000000000000e+02 8.124493594084684078e-01 1.449119799378989493e+00
1.420000000000000000e+02 9.605060915152231482e-01 1.288384886755459480e+00
1.430000000000000000e+02 9.419957889960361985e-01 9.748066560081813936e-01
1.440000000000000000e+02 9.135885133239756151e-01 1.330922942230666983e+00
1.450000000000000000e+02 9.087023452948067570e-01 1.774315054865850838e+00
1.460000000000000000e+02 8.601001634549245711e-01 1.384404631628506355e+00
1.470000000000000000e+02 9.739348039482579322e-01 1.146403471628824944e+00
1.480000000000000000e+02 7.979217958755981943e-01 1.136465962382330330e+00
1.490000000000000000e+02 9.846508158678923817e-01 1.175802260205365712e+00
1.500000000000000000e+02 8.339860826048232090e-01 1.122017608172651615e+00
1.510000000000000000e+02 9.029939617516127282e-01 1.068946380546127450e+00
1.520000000000000000e+02 8.894184253749652935e-01 1.264079649379287851e+00
1.530000000000000000e+02 8.512014033836869942e-01 1.079901142396788583e+00
1.540000000000000000e+02 8.964894748095310062e-01 1.266717470210531493e+00
1.550000000000000000e+02 8.836465782033274818e-01 1.199862787688987797e+00
1.560000000000000000e+02 9.377698539923399190e-01 2.462115527063176046e+00
1.570000000000000000e+02 8.399058881432118762e-01 1.212752552999966316e+00
1.580000000000000000e+02 8.548699427873660550e-01 1.385264502055403080e+00
1.590000000000000000e+02 8.032263612929191332e-01 1.367984104847562499e+00
1.600000000000000000e+02 8.004513408499535077e-01 1.180550431859666016e+00
1.610000000000000000e+02 9.511573233665564508e-01 1.141504774922909915e+00
1.620000000000000000e+02 7.991488097292004378e-01 1.405930123467376225e+00
1.630000000000000000e+02 9.254969824058105754e-01 1.305923244227533697e+00
1.640000000000000000e+02 6.962265545933604693e-01 1.391874900762585687e+00
1.650000000000000000e+02 9.574084149972172941e-01 1.292721697385760260e+00
1.660000000000000000e+02 6.942709021079234155e-01 1.335482269093610341e+00
1.670000000000000000e+02 8.920388498691597112e-01 1.572344031886778071e+00
1.680000000000000000e+02 8.681335543974851854e-01 1.681914409001668220e+00
1.690000000000000000e+02 7.747848783478592516e-01 1.119785775309023679e+00
1.700000000000000000e+02 9.155761945338649621e-01 1.499725160391434331e+00
1.710000000000000000e+02 7.984077525502852879e-01 1.315635211225868906e+00
1.720000000000000000e+02 7.962329869851088038e-01 1.382820937944495121e+00
1.730000000000000000e+02 7.637595027002669346e-01 1.078086224155149653e+00
1.740000000000000000e+02 8.128237007844327788e-01 1.349994949672533195e+00
1.750000000000000000e+02 8.566679209470748901e-01 1.364685347114784175e+00
1.760000000000000000e+02 8.093516708330343867e-01 1.394301459409188482e+00
1.770000000000000000e+02 8.376682740118768233e-01 1.035867716955102047e+00
1.780000000000000000e+02 7.984940718300166385e-01 1.345874769100244395e+00
1.790000000000000000e+02 8.186936687964659898e-01 1.535157727158587893e+00
1.800000000000000000e+02 8.088280582094313775e-01 1.293293320614358644e+00
1.810000000000000000e+02 7.549212033098394725e-01 1.356499198554218744e+00
1.820000000000000000e+02 8.101152406090694758e-01 1.500570332658463624e+00
1.830000000000000000e+02 7.970221950352647244e-01 1.384735705195993649e+00
1.840000000000000000e+02 8.274967417917178381e-01 1.468974460726198972e+00
1.850000000000000000e+02 7.241584541840104805e-01 1.508099317550659180e+00
1.860000000000000000e+02 7.893373082005643582e-01 1.222484485826630607e+00
1.870000000000000000e+02 8.215207230802104021e-01 1.253159680228302486e+00
1.880000000000000000e+02 7.125949196839757027e-01 1.546794639117475834e+00
1.890000000000000000e+02 7.673585038755382781e-01 1.274005122806714851e+00
1.900000000000000000e+02 8.003900732854547506e-01 1.501121203104655022e+00
1.910000000000000000e+02 7.100527316104364717e-01 1.278200399184572511e+00
1.920000000000000000e+02 7.425124959181282902e-01 1.395640614240065913e+00
1.930000000000000000e+02 7.351524747964990336e-01 1.433314782985742442e+00
1.940000000000000000e+02 7.628266770870257840e-01 1.367401537687882085e+00
1.950000000000000000e+02 7.452193141886682692e-01 1.415220443753228752e+00
1.960000000000000000e+02 7.446571364050906805e-01 1.476646437161210690e+00
1.970000000000000000e+02 7.866400169355571848e-01 1.667443885319474850e+00
1.980000000000000000e+02 7.123982979141119110e-01 1.475284607514091073e+00
1.990000000000000000e+02 7.358337399613765761e-01 1.227607429891392821e+00
2.000000000000000000e+02 6.920902164079457686e-01 1.177203722622083504e+00
2.010000000000000000e+02 7.015769117661104781e-01 1.168588139008784665e+00
2.020000000000000000e+02 6.647717555363973352e-01 1.094391817631928721e+00
2.030000000000000000e+02 7.754290665454840470e-01 1.457905916200167962e+00
2.040000000000000000e+02 6.869549146135345286e-01 1.297482932823291746e+00
2.050000000000000000e+02 8.225509392396184172e-01 1.268526901369509519e+00
2.060000000000000000e+02 6.793368117499897219e-01 1.281650382539500255e+00
2.070000000000000000e+02 7.593207047640821994e-01 1.494157029234844725e+00
2.080000000000000000e+02 7.182073709037568587e-01 1.374838156976561532e+00
2.090000000000000000e+02 7.318067074204102074e-01 1.481005215990370605e+00
2.100000000000000000e+02 7.755864072998668313e-01 1.481610935667286855e+00
2.110000000000000000e+02 7.285494181794367474e-01 1.621615878049878168e+00
2.120000000000000000e+02 7.880735119032192815e-01 1.264148480650307382e+00
2.130000000000000000e+02 6.883179598083399853e-01 1.770365609638932858e+00
2.140000000000000000e+02 6.624755901083084764e-01 1.261245147041652581e+00
2.150000000000000000e+02 6.821910545611993282e-01 1.188962069110593989e+00
2.160000000000000000e+02 6.809270071771005295e-01 1.317888128584709717e+00
2.170000000000000000e+02 6.196442173637506379e-01 1.306952670000601557e+00
2.180000000000000000e+02 6.578706248115947508e-01 1.270724963450777345e+00
2.190000000000000000e+02 6.819906312257352221e-01 1.576492920301962641e+00
2.200000000000000000e+02 6.894718105976398448e-01 1.447599633016448006e+00
2.210000000000000000e+02 7.056087071204003580e-01 1.092340344968049326e+00
2.220000000000000000e+02 7.705272423250377756e-01 1.352202657340229486e+00
2.230000000000000000e+02 7.064793934197219905e-01 1.372144427852354243e+00
2.240000000000000000e+02 6.904353286322140182e-01 1.262619049652762948e+00
2.250000000000000000e+02 6.795383145032645178e-01 1.342461542806763664e+00
2.260000000000000000e+02 6.315700357196895043e-01 1.372214773426885248e+00
2.270000000000000000e+02 6.679451379157205215e-01 1.956545359846474375e+00
2.280000000000000000e+02 6.032932029880639924e-01 1.380115237788877680e+00
2.290000000000000000e+02 6.564388442737152385e-01 1.330115449601325439e+00
2.300000000000000000e+02 6.679475842844742051e-01 1.265791445538617666e+00
2.310000000000000000e+02 5.984613601155955864e-01 1.279573658238286615e+00
2.320000000000000000e+02 6.350470915818825501e-01 1.170490836751633790e+00
2.330000000000000000e+02 7.198031986032733531e-01 1.501469856587009044e+00
2.340000000000000000e+02 6.275747484378232377e-01 1.334674439568450444e+00
2.350000000000000000e+02 5.998206226663156393e-01 1.246727620345958742e+00
2.360000000000000000e+02 7.067260282161907936e-01 1.496350314306176266e+00
2.370000000000000000e+02 6.377786177260275080e-01 1.579034855400306636e+00
2.380000000000000000e+02 6.603549312461506338e-01 1.491704621176788814e+00
2.390000000000000000e+02 6.257447049403801476e-01 1.229305578314739744e+00
2.400000000000000000e+02 6.768010099046406491e-01 1.062820260075555412e+00
2.410000000000000000e+02 6.232346559450523404e-01 1.484917664873427245e+00
2.420000000000000000e+02 6.762475956790623410e-01 1.386844251466833988e+00
2.430000000000000000e+02 6.101213811021862776e-01 1.972053797348685800e+00
2.440000000000000000e+02 6.585450230815634853e-01 1.357492676679638910e+00
2.450000000000000000e+02 6.052532564213560784e-01 1.401507109835527842e+00
2.460000000000000000e+02 6.353135093022849178e-01 1.400207733762437012e+00
2.470000000000000000e+02 6.485274088688385286e-01 1.065447187078171876e+00
2.480000000000000000e+02 5.621245234753146081e-01 1.104697571284529056e+00
2.490000000000000000e+02 6.835452778497118631e-01 1.458555148131605472e+00
2.500000000000000000e+02 5.977713013306642509e-01 1.270373721917470222e+00
2.510000000000000000e+02 6.577655462211627890e-01 1.380698262781336672e+00
2.520000000000000000e+02 5.635938263728115238e-01 1.624613343805506593e+00
2.530000000000000000e+02 6.531514873486439221e-01 1.547455725462540288e+00
2.540000000000000000e+02 6.334183626350858853e-01 1.229366798331771982e+00
2.550000000000000000e+02 7.285749758734847426e-01 1.492862312690071525e+00
2.560000000000000000e+02 6.001580027433541797e-01 1.247006461240243169e+00
2.570000000000000000e+02 5.165189042042837020e-01 1.345772266387939453e+00
2.580000000000000000e+02 6.082729827424492308e-01 1.205828445545141347e+00
2.590000000000000000e+02 6.639337883545801677e-01 1.685662962388301267e+00
2.600000000000000000e+02 6.230323792413900996e-01 1.374365655408389397e+00
2.610000000000000000e+02 6.093934153327504877e-01 1.592582699181376960e+00
2.620000000000000000e+02 5.957372755798068242e-01 1.448235299276269039e+00
2.630000000000000000e+02 5.941448398977139389e-01 1.414528544398321541e+00
2.640000000000000000e+02 6.168073505313709237e-01 1.189662415048350352e+00
2.650000000000000000e+02 6.207173172450853871e-01 1.525526537411454830e+00
2.660000000000000000e+02 6.095632142541366205e-01 1.136275782101396237e+00
2.670000000000000000e+02 6.091146126771584957e-01 1.378752927849258292e+00
2.680000000000000000e+02 6.244759820496459390e-01 1.682112805221391838e+00
2.690000000000000000e+02 6.288727507597268174e-01 1.461082092229870844e+00
2.700000000000000000e+02 5.893751326711426097e-01 1.641484740851582025e+00
2.710000000000000000e+02 5.194149630956160779e-01 1.237531926320946774e+00
2.720000000000000000e+02 6.476859495495305152e-01 1.766592049944228027e+00
2.730000000000000000e+02 5.595029733501948321e-01 1.593200277591097169e+00
2.740000000000000000e+02 6.210748503226359851e-01 1.352171725121097179e+00
2.750000000000000000e+02 6.620168353271003170e-01 1.339802066485087151e+00
2.760000000000000000e+02 5.188349955357037802e-01 1.337210952371790773e+00
2.770000000000000000e+02 5.513346644513534844e-01 1.344847340514694345e+00
2.780000000000000000e+02 5.474106192437140361e-01 1.359277502350185296e+00
2.790000000000000000e+02 6.070719031053037895e-01 1.087286399758380373e+00
2.800000000000000000e+02 5.511926079296883829e-01 1.330001665198284666e+00
2.810000000000000000e+02 5.373343823065284131e-01 2.441414084123528561e+00
2.820000000000000000e+02 5.459703029187884527e-01 1.434270298999288817e+00
2.830000000000000000e+02 5.674270262927499919e-01 1.208193977673848396e+00
2.840000000000000000e+02 5.751276133916316535e-01 1.340168515841166252e+00
2.850000000000000000e+02 5.847705201489931115e-01 1.156580130259196038e+00
2.860000000000000000e+02 5.391319835878382039e-01 1.445832888285319084e+00
2.870000000000000000e+02 5.441416017426788931e-01 1.441614924997523195e+00
2.880000000000000000e+02 5.715461220905071471e-01 1.674949300461921142e+00
2.890000000000000000e+02 5.793401177299538629e-01 1.321679713069528805e+00
2.900000000000000000e+02 6.225902163648726617e-01 1.547032169673753899e+00
2.910000000000000000e+02 5.478387046557953166e-01 1.878389567568682139e+00
2.920000000000000000e+02 6.190254577546933090e-01 1.298802420712899419e+00
2.930000000000000000e+02 5.634472744762138996e-01 1.373206874598627447e+00
2.940000000000000000e+02 5.641574246889459188e-01 1.312829404637433584e+00
2.950000000000000000e+02 5.509666692437106272e-01 1.283197081607321044e+00
2.960000000000000000e+02 5.453452520243083912e-01 1.527764909509299551e+00
2.970000000000000000e+02 5.748406779826749080e-01 1.629770921624225100e+00
2.980000000000000000e+02 5.235177462034249496e-01 1.255060232203939696e+00
2.990000000000000000e+02 5.919566867309065117e-01 1.619821951009225103e+00
3.000000000000000000e+02 5.240295969196251402e-01 1.389635851417762691e+00
3.010000000000000000e+02 5.784528913692057461e-01 1.226672744405442383e+00
3.020000000000000000e+02 5.668694898296555706e-01 1.076025279535763435e+00
3.030000000000000000e+02 5.573673107241856606e-01 1.356408919113269773e+00
3.040000000000000000e+02 5.578408173022378902e-01 1.288797286973483391e+00
3.050000000000000000e+02 5.307277568424021430e-01 1.362994949022928948e+00
3.060000000000000000e+02 5.855015392673531549e-01 1.494094814079395261e+00
3.070000000000000000e+02 4.952452693883395707e-01 1.390425896299058106e+00
3.080000000000000000e+02 5.776926454241949616e-01 1.415858536526776845e+00
3.090000000000000000e+02 5.155065284127193781e-01 1.520485689674598628e+00
3.100000000000000000e+02 5.464705896134898211e-01 1.351137283919514154e+00
3.110000000000000000e+02 4.940627448962238155e-01 1.389539518218109615e+00
3.120000000000000000e+02 6.128964090468622672e-01 1.025708544081535889e+00
3.130000000000000000e+02 5.387559922141883506e-01 1.425800841787587148e+00
3.140000000000000000e+02 5.355885219937972508e-01 1.269811635432036123e+00
3.150000000000000000e+02 5.094552510263962164e-01 1.696520999721858880e+00
3.160000000000000000e+02 5.566817131130447072e-01 1.461963969728220958e+00
3.170000000000000000e+02 5.299873280388708308e-01 1.422692019006480235e+00
3.180000000000000000e+02 5.410040879370905387e-01 1.281937609548154056e+00
3.190000000000000000e+02 5.897632584772036779e-01 1.352413384810738028e+00
3.200000000000000000e+02 5.312622268387986457e-01 1.266806528188180181e+00
3.210000000000000000e+02 5.144419257574105453e-01 1.145874894183614989e+00
3.220000000000000000e+02 4.490971048066331184e-01 1.376496673494145506e+00
3.230000000000000000e+02 6.007687199965081604e-01 1.366404963576275389e+00
3.240000000000000000e+02 5.439838489503351360e-01 1.288708194442417243e+00
3.250000000000000000e+02 4.742823127116865822e-01 1.399761115295299563e+00
3.260000000000000000e+02 5.547560752190724420e-01 1.419432237528372553e+00
3.270000000000000000e+02 4.963833853984490618e-01 1.470554063285606450e+00
3.280000000000000000e+02 5.227242431416159185e-01 1.421003013417340810e+00
3.290000000000000000e+02 4.813072929021359747e-01 1.648006300995315421e+00
3.300000000000000000e+02 5.450850868164890395e-01 1.317444861799046629e+00
3.310000000000000000e+02 5.577994991571475492e-01 1.200172263643015880e+00
3.320000000000000000e+02 4.922551228724059702e-01 1.645157509091971670e+00
3.330000000000000000e+02 5.278112844686315697e-01 1.267800305200659672e+00
3.340000000000000000e+02 5.047799834919945994e-01 1.375776133675506108e+00
3.350000000000000000e+02 4.371352637425446885e-01 1.258462727933690184e+00
3.360000000000000000e+02 5.885667800903320312e-01 1.599332576212675772e+00
3.370000000000000000e+02 4.747589214490010034e-01 1.354392231374547118e+00
3.380000000000000000e+02 5.127076207086292969e-01 1.418513552002284905e+00
3.390000000000000000e+02 4.815406615917499078e-01 1.196114545283110342e+00
3.400000000000000000e+02 5.022027055725796219e-01 1.249203406382298098e+00
3.410000000000000000e+02 4.347899202020417131e-01 1.363504281942395258e+00
3.420000000000000000e+02 5.286340314631510218e-01 1.435109544491422362e+00
3.430000000000000000e+02 4.840765263025577081e-01 1.463241853575775631e+00
3.440000000000000000e+02 4.472391791926085269e-01 1.414623053177543222e+00
3.450000000000000000e+02 4.982393101123149814e-01 1.348405045011769277e+00
3.460000000000000000e+02 5.214851818451977650e-01 1.424796519072159429e+00
3.470000000000000000e+02 5.369090007916661467e-01 1.632890391177025391e+00
3.480000000000000000e+02 4.360403599781541017e-01 1.296757452729819571e+00
3.490000000000000000e+02 5.209611039656112386e-01 1.352639873822530037e+00
3.500000000000000000e+02 5.012334937812717994e-01 1.199029919030009772e+00
3.510000000000000000e+02 4.437062268645405316e-01 9.797762330027594002e-01
3.520000000000000000e+02 5.223015448221793866e-01 1.141558791416278806e+00
3.530000000000000000e+02 5.289342492216765335e-01 1.207079008005667475e+00
3.540000000000000000e+02 5.357106224498675573e-01 1.139694967131683834e+00
3.550000000000000000e+02 4.680011720229417804e-01 1.466624171837516366e+00
3.560000000000000000e+02 4.155115615388359496e-01 1.042683350867119385e+00
3.570000000000000000e+02 5.073185080901170263e-01 1.043052260426507560e+00
3.580000000000000000e+02 4.993877624622499178e-01 1.257560391356979501e+00
3.590000000000000000e+02 4.998551571980500707e-01 9.474840457888616951e-01
3.600000000000000000e+02 4.719325975336209900e-01 1.412228458169577872e+00
3.610000000000000000e+02 4.501926889786353470e-01 1.401548221491385249e+00
3.620000000000000000e+02 4.657912953483938079e-01 1.320113297821818854e+00
3.630000000000000000e+02 4.835703489737959715e-01 1.378988490588423099e+00
3.640000000000000000e+02 4.513038730500005258e-01 1.331532486970873785e+00
3.650000000000000000e+02 5.080683149970495194e-01 1.572113730769226558e+00
3.660000000000000000e+02 5.170830293285726409e-01 1.034532280935757331e+00
3.670000000000000000e+02 4.453098017902471506e-01 1.267824096956114754e+00
3.680000000000000000e+02 4.344731491182293182e-01 1.421434108761773674e+00
3.690000000000000000e+02 5.286058531357691326e-01 1.250436413115349366e+00
3.700000000000000000e+02 4.419632360640198265e-01 1.243534713551618154e+00
3.710000000000000000e+02 4.408648159667735711e-01 1.376732247463171133e+00
3.720000000000000000e+02 5.528297378084598979e-01 1.385733692866304656e+00
3.730000000000000000e+02 4.630436250808263043e-01 1.523370668508004400e+00
3.740000000000000000e+02 4.909486042634221281e-01 1.278593937555948967e+00
3.750000000000000000e+02 4.270093737504421227e-01 1.296321582103121095e+00
3.760000000000000000e+02 5.138772124744425129e-01 1.236886439116104741e+00
3.770000000000000000e+02 5.072664005762445028e-01 1.117570856343145014e+00
3.780000000000000000e+02 4.381931346033062225e-01 1.145293401635211428e+00
3.790000000000000000e+02 4.081638500890659160e-01 1.453079161436661382e+00
3.800000000000000000e+02 4.770803685861689236e-01 1.251511629076971444e+00
3.810000000000000000e+02 4.292591089814067340e-01 1.289118080899335439e+00
3.820000000000000000e+02 4.937935361577051041e-01 1.308831646822500971e+00
3.830000000000000000e+02 4.423637721526410549e-01 1.364216935807380127e+00
3.840000000000000000e+02 4.382450466736769190e-01 1.269413764925970467e+00
3.850000000000000000e+02 4.602777879647534376e-01 1.257333734761113764e+00
3.860000000000000000e+02 4.463535670105737707e-01 1.517950763736946040e+00
3.870000000000000000e+02 4.221023015545221635e-01 1.371347881745601072e+00
3.880000000000000000e+02 4.474268172685123002e-01 1.402464861455170908e+00
3.890000000000000000e+02 4.618525929730054047e-01 1.426193867904552492e+00
3.900000000000000000e+02 4.431007651578985906e-01 1.135377223940863045e+00
3.910000000000000000e+02 4.691591466807834010e-01 1.593235658562701662e+00
3.920000000000000000e+02 5.073456129499973599e-01 1.300671542900196043e+00
3.930000000000000000e+02 4.249182581219054233e-01 1.295307582703189464e+00
3.940000000000000000e+02 4.774373641223397802e-01 1.501356141290802970e+00
3.950000000000000000e+02 4.791016553649465326e-01 1.309551810872727540e+00
3.960000000000000000e+02 4.423903157086165883e-01 1.284932518350905273e+00
3.970000000000000000e+02 4.418659245088203402e-01 1.429731322371441404e+00
3.980000000000000000e+02 4.537432229397557748e-01 1.418023808278899178e+00
3.990000000000000000e+02 4.831539795902242695e-01 1.307727767073589842e+00
4.000000000000000000e+02 4.274364994227431436e-01 1.348812661309173100e+00
4.010000000000000000e+02 4.423663667746779438e-01 1.534748234610626705e+00
4.020000000000000000e+02 4.502993700765168250e-01 1.170051645541536622e+00
4.030000000000000000e+02 4.603012614426115201e-01 1.347413221995035881e+00
4.040000000000000000e+02 4.456670925059088018e-01 1.429093903389529796e+00
4.050000000000000000e+02 4.376026445824378053e-01 1.306183481561964843e+00
4.060000000000000000e+02 4.630703760770744082e-01 1.416595452073691641e+00
4.070000000000000000e+02 4.342242425138300166e-01 1.369987204454947261e+00
4.080000000000000000e+02 4.732981579043926135e-01 1.934454401334126716e+00
4.090000000000000000e+02 4.360917002796823594e-01 1.464376245719799075e+00
4.100000000000000000e+02 4.445124369010367005e-01 1.030062264290408702e+00
4.110000000000000000e+02 4.522250899762818577e-01 1.290679193925166501e+00
4.120000000000000000e+02 4.521647535455532441e-01 1.485701723375182137e+00
4.130000000000000000e+02 4.323046151311646379e-01 1.430562824442766612e+00
4.140000000000000000e+02 4.747827010603654641e-01 1.161962241366289561e+00
4.150000000000000000e+02 4.061670589234689377e-01 1.206870205160500253e+00
4.160000000000000000e+02 5.144229181698564135e-01 1.254245073898978768e+00
4.170000000000000000e+02 4.541498035874985684e-01 1.268163062524104490e+00
4.180000000000000000e+02 4.866166277089495340e-01 1.558298333831455329e+00
4.190000000000000000e+02 3.852946157708312391e-01 1.374424333157746592e+00
4.200000000000000000e+02 4.263442552242523442e-01 1.164327675017757802e+00
4.210000000000000000e+02 4.409730934156412818e-01 1.434708471747412117e+00
4.220000000000000000e+02 4.915046612270005943e-01 1.223311427710712884e+00
4.230000000000000000e+02 4.427821383331761451e-01 1.051124127014823495e+00
4.240000000000000000e+02 4.777239571015040043e-01 1.533559332723202884e+00
4.250000000000000000e+02 4.145361011979555865e-01 1.314075787862141853e+00
4.260000000000000000e+02 4.200221510269703251e-01 1.301539421945378416e+00
4.270000000000000000e+02 5.078858135234914917e-01 1.358257354169652098e+00
4.280000000000000000e+02 4.290742997753104748e-01 1.458444799202075925e+00
4.290000000000000000e+02 4.547709288320155863e-01 1.247989364292310555e+00
4.300000000000000000e+02 4.878151382773350253e-01 1.304319708243660392e+00
4.310000000000000000e+02 4.183284694498235479e-01 1.365118496659873282e+00
4.320000000000000000e+02 4.408802125316400033e-01 1.194258216498554681e+00
4.330000000000000000e+02 3.882319757349921852e-01 1.321804907010949215e+00
4.340000000000000000e+02 4.575427238267796848e-01 1.362096115298893073e+00
4.350000000000000000e+02 4.282378028063980602e-01 1.496610157731650625e+00
4.360000000000000000e+02 4.726471027724312157e-01 1.518258652825286381e+00
4.370000000000000000e+02 3.738726721418024201e-01 1.454761710719785883e+00
4.380000000000000000e+02 4.335813706884017460e-01 1.432216404140859378e+00
4.390000000000000000e+02 4.348399910812426050e-01 1.555618388929228768e+00
4.400000000000000000e+02 4.074814365460322496e-01 1.389607239460599608e+00
4.410000000000000000e+02 4.815456501462243022e-01 1.143972213717474373e+00
4.420000000000000000e+02 3.414481009614983020e-01 1.225396813689798581e+00
4.430000000000000000e+02 5.321046779553095796e-01 1.121696104174074948e+00
4.440000000000000000e+02 4.207949740741089295e-01 1.065240042797033437e+00
4.450000000000000000e+02 4.448368592192502025e-01 1.278213494065879141e+00
4.460000000000000000e+02 4.057751131876734529e-01 1.113500487977179931e+00
4.470000000000000000e+02 4.465731270987577939e-01 1.393877269565195309e+00
4.480000000000000000e+02 4.314153702595295292e-01 9.242696589317874745e-01
4.490000000000000000e+02 4.927393401245427906e-01 1.095333598662113772e+00
4.500000000000000000e+02 3.382320044225712308e-01 1.179681154264919929e+00
4.510000000000000000e+02 4.423348345991336972e-01 9.863103196240853299e-01
4.520000000000000000e+02 3.696681791391128180e-01 1.215630175410837399e+00
4.530000000000000000e+02 4.550942131732862994e-01 1.024239275766455570e+00
4.540000000000000000e+02 3.809417017331027111e-01 1.329932029696478279e+00
4.550000000000000000e+02 4.515612776801179451e-01 1.257036768871804933e+00
4.560000000000000000e+02 4.175236431834025153e-01 1.376746581948321779e+00
4.570000000000000000e+02 3.491830337378714066e-01 1.218556488769641843e+00
4.580000000000000000e+02 4.585830719043046955e-01 1.091025202170662345e+00
4.590000000000000000e+02 4.251323109022294711e-01 1.302898170291513669e+00
4.600000000000000000e+02 4.448247856766213149e-01 1.088427142820496574e+00
4.610000000000000000e+02 3.528291986156732452e-01 1.124150410942409417e+00
4.620000000000000000e+02 4.313280073681263205e-01 1.285284495871999999e+00
4.630000000000000000e+02 4.044064373924182165e-01 1.309533953666687012e+00
4.640000000000000000e+02 4.322408954001436543e-01 1.208180887111719004e+00
4.650000000000000000e+02 4.107355884634531495e-01 1.234326872272767828e+00
4.660000000000000000e+02 4.237764456657447942e-01 1.417503407036048824e+00
4.670000000000000000e+02 3.766378510838899740e-01 1.308520807736161862e+00
4.680000000000000000e+02 4.468847237000561634e-01 1.261308701142020761e+00
4.690000000000000000e+02 3.503690457526054125e-01 1.283949255943298340e+00
4.700000000000000000e+02 3.734364561163462382e-01 1.028281811354816888e+00
4.710000000000000000e+02 4.256175329739397273e-01 1.033758671387382089e+00
4.720000000000000000e+02 4.223812736627709508e-01 1.268381642258685549e+00
4.730000000000000000e+02 3.663488266273915994e-01 1.395510348720826910e+00
4.740000000000000000e+02 4.350029307467336848e-01 1.492795187494029063e+00
4.750000000000000000e+02 4.248878399227715152e-01 1.127662060917287601e+00
4.760000000000000000e+02 4.530443263266226150e-01 1.185603687728660649e+00
4.770000000000000000e+02 4.655521770621680600e-01 1.088393721027650640e+00
4.780000000000000000e+02 3.472488535421192068e-01 1.192860237066296625e+00
4.790000000000000000e+02 4.213147332498438646e-01 1.251813173294067383e+00
4.800000000000000000e+02 5.085117066937852037e-01 1.268734455108642578e+00
4.810000000000000000e+02 3.608912914688047202e-01 1.175188670987668216e+00
4.820000000000000000e+02 4.647458513805277636e-01 1.246207264886386223e+00
4.830000000000000000e+02 4.131034517864538014e-01 1.201846376709316155e+00
4.840000000000000000e+02 3.401091289125932615e-01 1.110276752623958973e+00
4.850000000000000000e+02 4.258796054746661897e-01 1.440611872120179937e+00
4.860000000000000000e+02 3.804523060643339449e-01 1.240801743839098137e+00
4.870000000000000000e+02 4.599467691877719422e-01 1.426022223804308098e+00
4.880000000000000000e+02 3.631073174282491434e-01 1.588229573291281005e+00
4.890000000000000000e+02 3.929352707205674422e-01 1.124572567749714480e+00
4.900000000000000000e+02 3.993646537866255009e-01 1.102531376092330317e+00
4.910000000000000000e+02 4.251807055248862377e-01 1.311018783113230723e+00
4.920000000000000000e+02 4.062670533362842118e-01 1.047438452209251469e+00
4.930000000000000000e+02 3.815701442365427853e-01 1.222418513850889399e+00
4.940000000000000000e+02 4.044922597515277496e-01 1.200754316496676299e+00
4.950000000000000000e+02 3.892442651770331441e-01 1.053398477858391358e+00
4.960000000000000000e+02 4.096873706306209950e-01 1.139187185660652579e+00
4.970000000000000000e+02 3.564487327904494740e-01 1.102846468704334226e+00
4.980000000000000000e+02 4.391264626922194991e-01 1.319225050400996579e+00
4.990000000000000000e+02 3.575727800073211227e-01 1.340941603632940682e+00
5.000000000000000000e+02 4.410996203507479008e-01 1.030236304670140379e+00
5.010000000000000000e+02 3.752074565444586951e-01 9.710043305936066904e-01
5.020000000000000000e+02 3.838600279720684738e-01 9.062247345412987043e-01
5.030000000000000000e+02 3.880397550022329223e-01 1.129546398701875010e+00
5.040000000000000000e+02 4.331210094098826291e-01 1.136059068251347171e+00
5.050000000000000000e+02 3.888256112279479537e-01 1.096366918605306884e+00
5.060000000000000000e+02 3.983988555257253483e-01 1.141368128251338376e+00
5.070000000000000000e+02 3.720466474085363795e-01 9.841430239055467544e-01
5.080000000000000000e+02 3.562913682245419378e-01 1.108082795488661620e+00
5.090000000000000000e+02 4.136167688830814648e-01 1.060643619385318370e+00
5.100000000000000000e+02 3.685500356380569387e-01 1.096667469411656493e+00
5.110000000000000000e+02 3.784649480541850686e-01 1.216013462647147714e+00
5.120000000000000000e+02 3.913513169488834209e-01 1.400959533193837148e+00
5.130000000000000000e+02 3.738020854917439295e-01 1.296448553817859617e+00
5.140000000000000000e+02 3.701376830803528861e-01 1.314360941665760008e+00
5.150000000000000000e+02 4.135211684764960038e-01 1.078637845274330820e+00
5.160000000000000000e+02 3.697885959658003818e-01 1.160183488458826906e+00
5.170000000000000000e+02 3.761630808275771010e-01 1.189454451851222894e+00
5.180000000000000000e+02 4.305851779138769042e-01 1.199621850165768056e+00
5.190000000000000000e+02 4.108743907613608415e-01 1.323849059533381833e+00
5.200000000000000000e+02 3.500039944515276891e-01 1.251648780228435065e+00
5.210000000000000000e+02 4.059623334594447130e-01 1.186506518419238043e+00
5.220000000000000000e+02 3.875011380666341654e-01 1.030314455861630618e+00
5.230000000000000000e+02 3.897716399595027581e-01 1.301565937373949211e+00
5.240000000000000000e+02 3.806324722126846472e-01 1.182893080987792001e+00
5.250000000000000000e+02 3.812333561404787075e-01 1.432750164598658449e+00
5.260000000000000000e+02 3.866211041043966512e-01 1.129823954209037362e+00
5.270000000000000000e+02 3.586050682243803189e-01 1.169185190960980947e+00
5.280000000000000000e+02 4.396684051090827827e-01 1.233015243557916252e+00
5.290000000000000000e+02 3.711458872062991521e-01 1.329578126686206785e+00
5.300000000000000000e+02 3.828623084014912137e-01 1.157003010528675047e+00
5.310000000000000000e+02 3.164547062837160807e-01 1.105650143346924796e+00
5.320000000000000000e+02 3.705160389795447706e-01 1.348349046016084962e+00
5.330000000000000000e+02 3.987114753478612772e-01 1.272474485894907970e+00
5.340000000000000000e+02 3.550521613835681545e-01 1.294051954711692876e+00
5.350000000000000000e+02 3.858062044689149483e-01 1.382349908351898193e+00
5.360000000000000000e+02 3.889899532764385937e-01 1.002988091413525629e+00
5.370000000000000000e+02 3.492094836000240177e-01 1.312328691067902842e+00
5.380000000000000000e+02 3.518974428757642992e-01 1.387122919594032222e+00
5.390000000000000000e+02 3.825745590543018770e-01 1.166284557701884772e+00
5.400000000000000000e+02 3.494325488729937979e-01 1.097682634989420647e+00
5.410000000000000000e+02 3.724613147230851906e-01 1.302362803099812005e+00
5.420000000000000000e+02 4.544716898266595861e-01 1.203306426172671140e+00
5.430000000000000000e+02 3.250359064250281094e-01 1.105341308358786856e+00
5.440000000000000000e+02 3.844172174238976725e-01 1.270432435947915772e+00
5.450000000000000000e+02 3.453874349212034955e-01 1.194757458092509772e+00
5.460000000000000000e+02 3.673981259567569158e-01 1.291210288586823740e+00
5.470000000000000000e+02 3.695817748705546024e-01 1.308047482932823247e+00
5.480000000000000000e+02 3.976470837535445724e-01 1.182455722836480705e+00
5.490000000000000000e+02 4.196562607481021945e-01 1.053464609643687266e+00
5.500000000000000000e+02 3.290336027779348638e-01 1.323309179665385749e+00
5.510000000000000000e+02 3.271886594877898014e-01 1.165718712668488033e+00
5.520000000000000000e+02 4.069172977339523545e-01 1.333863603895989014e+00
5.530000000000000000e+02 4.260495079837682830e-01 1.201416038084721194e+00
5.540000000000000000e+02 2.942644732884871495e-01 1.158452733703281501e+00
5.550000000000000000e+02 4.339126089606622494e-01 1.215812532798103751e+00
5.560000000000000000e+02 3.448605691355299818e-01 1.167605752530305185e+00
5.570000000000000000e+02 3.752013386130029771e-01 1.014124106669771486e+00
5.580000000000000000e+02 3.957113815476269725e-01 1.547742746014525883e+00
5.590000000000000000e+02 3.417360550195509550e-01 1.050657287887905023e+00
5.600000000000000000e+02 4.280927371584428709e-01 7.636565488317738071e-01
5.610000000000000000e+02 3.930741286048522465e-01 1.221390715543774652e+00
5.620000000000000000e+02 4.303572467947734403e-01 1.174364542615586426e+00
5.630000000000000000e+02 3.251639950004490687e-01 1.276087812755418938e+00
5.640000000000000000e+02 4.047789973308718592e-01 1.257849829784338125e+00
5.650000000000000000e+02 3.014049498698650464e-01 1.231895588446354495e+00
5.660000000000000000e+02 4.141172008080916123e-01 1.145808529162752443e+00
5.670000000000000000e+02 3.914297334944625284e-01 1.194673488105552739e+00
5.680000000000000000e+02 3.383336993498353151e-01 1.567278159701305906e+00
5.690000000000000000e+02 3.663682870889134469e-01 1.186316308767899175e+00
5.700000000000000000e+02 3.587831254602995013e-01 1.257477993550507822e+00
5.710000000000000000e+02 3.409503350276073541e-01 1.616751812506413088e+00
5.720000000000000000e+02 3.303279759926346926e-01 1.158636628717615968e+00
5.730000000000000000e+02 3.817828033716624270e-01 1.147775382235430186e+00
5.740000000000000000e+02 3.665217051220910904e-01 1.282359429027723152e+00
5.750000000000000000e+02 3.417921691368787651e-01 1.483128120933753902e+00
5.760000000000000000e+02 3.386340488237564172e-01 1.205420055251190670e+00
5.770000000000000000e+02 3.718326852749322398e-01 1.170700050782466306e+00
5.780000000000000000e+02 3.538834796531206695e-01 1.238103491672571055e+00
5.790000000000000000e+02 4.107102917937132114e-01 1.074966603431148915e+00
5.800000000000000000e+02 3.944780101830309138e-01 1.194156625996465326e+00
5.810000000000000000e+02 3.860153924417859539e-01 1.235720339028731685e+00
5.820000000000000000e+02 3.073544281584615900e-01 1.388424012971960941e+00
5.830000000000000000e+02 3.786704913350462109e-01 1.391258491986039791e+00
5.840000000000000000e+02 3.526231553263336482e-01 1.166322977646537362e+00
5.850000000000000000e+02 3.436744068263444807e-01 9.460308499958204331e-01
5.860000000000000000e+02 3.765673200592740133e-01 1.068532834882321536e+00
5.870000000000000000e+02 3.498619713704397838e-01 1.099108963772870595e+00
5.880000000000000000e+02 3.451681423354088230e-01 1.177579865939375248e+00
5.890000000000000000e+02 3.652040594785874728e-01 1.155531200809755132e+00
5.900000000000000000e+02 3.355073836369392160e-01 1.040510206982709462e+00
5.910000000000000000e+02 3.606768875110029082e-01 1.317992846171061272e+00
5.920000000000000000e+02 3.769325787632823443e-01 1.227988244830698239e+00
5.930000000000000000e+02 3.646473254411274900e-01 1.524157309013864259e+00
5.940000000000000000e+02 3.643565218867236277e-01 1.241688942563706544e+00
5.950000000000000000e+02 3.229311434670562586e-01 1.096615886342698243e+00
5.960000000000000000e+02 3.709524447529674029e-01 1.131066764610401121e+00
5.970000000000000000e+02 3.854207357453329208e-01 1.273915242457735353e+00
5.980000000000000000e+02 3.647751918882510824e-01 1.419610854508220221e+00
5.990000000000000000e+02 3.570114766216763158e-01 1.301381627718607659e+00
6.000000000000000000e+02 3.518317609115411138e-01 1.020346290823342050e+00
6.010000000000000000e+02 3.622381924331642966e-01 1.219216560108074221e+00
6.020000000000000000e+02 3.465425522272823633e-01 1.235486111779143803e+00
6.030000000000000000e+02 3.658842189621379082e-01 1.144458155701125968e+00
6.040000000000000000e+02 3.387382803603286585e-01 1.501131544942441165e+00
6.050000000000000000e+02 3.135257702292376658e-01 1.251248805419258536e+00
6.060000000000000000e+02 3.555315098993044320e-01 1.127515262451724620e+00
6.070000000000000000e+02 3.838092909211117676e-01 1.321452693662781730e+00
6.080000000000000000e+02 3.264084929273328717e-01 1.224727435388426766e+00
6.090000000000000000e+02 3.489936686881626171e-01 1.219260519829349132e+00
6.100000000000000000e+02 3.412444650671864199e-01 1.486480683520220225e+00
6.110000000000000000e+02 3.776053200847926394e-01 1.070186647815980718e+00
6.120000000000000000e+02 3.310558120257982018e-01 1.218199835307356205e+00
6.130000000000000000e+02 3.537770295871123238e-01 1.046707581782686525e+00
6.140000000000000000e+02 3.318212574902381640e-01 1.168515467989271972e+00
6.150000000000000000e+02 3.426217503902566075e-01 1.032260668450507568e+00
6.160000000000000000e+02 3.676857025635362763e-01 1.469106352847555419e+00
6.170000000000000000e+02 3.657579525158955458e-01 1.117143878038378668e+00
6.180000000000000000e+02 3.165854010873168645e-01 1.049637454143468984e+00
6.190000000000000000e+02 4.121862734092101022e-01 1.264134904612665533e+00
6.200000000000000000e+02 3.051789411240153904e-01 8.910081231075784869e-01
6.210000000000000000e+02 3.356972035307150826e-01 1.256519830745199462e+00
6.220000000000000000e+02 3.770652421709841939e-01 1.142968874046768057e+00
6.230000000000000000e+02 3.391878019459071414e-01 1.113912584125131833e+00
6.240000000000000000e+02 3.323158587169165457e-01 1.253565427185832526e+00
6.250000000000000000e+02 3.063810349274904143e-01 1.234112103780110603e+00
6.260000000000000000e+02 4.140053749387804238e-01 1.150897494260815668e+00
6.270000000000000000e+02 3.677280097447260254e-01 1.200239623802295652e+00
6.280000000000000000e+02 3.253733133658384680e-01 9.118657699529675309e-01
6.290000000000000000e+02 2.920772176965805711e-01 1.267845286839250241e+00
6.300000000000000000e+02 3.535644920121016055e-01 1.050723224446393544e+00
6.310000000000000000e+02 3.533426231252024818e-01 1.069814713104911386e+00
6.320000000000000000e+02 3.218519190947214947e-01 1.066328694854957515e+00
6.330000000000000000e+02 3.649719613484846970e-01 1.104598957559336680e+00
6.340000000000000000e+02 2.999156427503836264e-01 1.267674544583196283e+00
6.350000000000000000e+02 3.674133445773719031e-01 1.178823802782141605e+00
6.360000000000000000e+02 3.134436257756673117e-01 1.063255330790644049e+00
6.370000000000000000e+02 4.035315389434496747e-01 1.163623256959776864e+00
6.380000000000000000e+02 3.136988965364602699e-01 1.394314577614051753e+00
6.390000000000000000e+02 3.216137283227660237e-01 1.123071107311525152e+00
6.400000000000000000e+02 3.648291045274489885e-01 1.207688951837843749e+00
6.410000000000000000e+02 3.683461636001523765e-01 1.512637801792310555e+00
6.420000000000000000e+02 3.614212141344041451e-01 1.234445252280304439e+00
6.430000000000000000e+02 3.438702022991119156e-01 1.093026289041491461e+00
6.440000000000000000e+02 3.316403360980929582e-01 1.165198471235192379e+00
6.450000000000000000e+02 3.718668350964102198e-01 1.456620616325433604e+00
6.460000000000000000e+02 3.201819210107089697e-01 1.038858862890713386e+00
6.470000000000000000e+02 3.672267487415900589e-01 1.269876993220785399e+00
6.480000000000000000e+02 2.998808053613619129e-01 1.086049681124479971e+00
6.490000000000000000e+02 3.180067375904381821e-01 1.028956617134204832e+00
6.500000000000000000e+02 3.300477440727272449e-01 1.237262233443882087e+00
6.510000000000000000e+02 3.438358690494145997e-01 1.053725119950114752e+00
6.520000000000000000e+02 3.820307405319529059e-01 1.087664885797362313e+00
6.530000000000000000e+02 3.319270626355066978e-01 1.208162178163943112e+00
6.540000000000000000e+02 3.622280801373887194e-01 1.174865765848021493e+00
6.550000000000000000e+02 4.102632099329823201e-01 1.213971808336783198e+00
6.560000000000000000e+02 3.226774095915830864e-01 1.155043517333873782e+00
6.570000000000000000e+02 3.270941918132869164e-01 9.882225610207819866e-01
6.580000000000000000e+02 3.283406228128105675e-01 1.225067009096560300e+00
6.590000000000000000e+02 3.474460491393965289e-01 1.204753402350605462e+00
6.600000000000000000e+02 3.276834485640052752e-01 1.148264670717543456e+00
6.610000000000000000e+02 2.892059531375651971e-01 1.225348902785259764e+00
6.620000000000000000e+02 3.411485283581051631e-01 1.062591221021569332e+00
6.630000000000000000e+02 3.010720772521793265e-01 1.058702919794165531e+00
6.640000000000000000e+02 3.255679930818596302e-01 1.101777392884959239e+00
6.650000000000000000e+02 3.323169557268686458e-01 1.295778056849604010e+00
6.660000000000000000e+02 3.595781350181302960e-01 1.117980150208957024e+00
6.670000000000000000e+02 3.619798981990569597e-01 1.110231352889019529e+00
6.680000000000000000e+02 2.818035295966899723e-01 1.234053357787754157e+00
6.690000000000000000e+02 3.250704183984955420e-01 1.192035334697668203e+00
6.700000000000000000e+02 3.403828304547529826e-01 1.020664218543232415e+00
6.710000000000000000e+02 3.585795873042308957e-01 1.001174753990726085e+00
6.720000000000000000e+02 3.339184810717900631e-01 1.310943575872891120e+00
6.730000000000000000e+02 3.517330175999439090e-01 1.115934575813404050e+00
6.740000000000000000e+02 2.688931668836045397e-01 1.249179810717485850e+00
6.750000000000000000e+02 3.482260026992895496e-01 1.146029965601105705e+00
6.760000000000000000e+02 2.931023764640394158e-01 1.130417970643527337e+00
6.770000000000000000e+02 3.350016905075418050e-01 1.136423342469809805e+00
6.780000000000000000e+02 3.558604068883503002e-01 1.146032775657764402e+00
6.790000000000000000e+02 2.715556803929593532e-01 1.171092873898105235e+00
6.800000000000000000e+02 3.326953734453701461e-01 1.021829314853833992e+00
6.810000000000000000e+02 3.295240346863676506e-01 1.231878123421599858e+00
6.820000000000000000e+02 3.758705977265161535e-01 1.197966617086659413e+00
6.830000000000000000e+02 3.462916635754150763e-01 1.213851158169732658e+00
6.840000000000000000e+02 3.390641205638419420e-01 1.023738660674164302e+00
6.850000000000000000e+02 3.384268572008943265e-01 1.098025935283605703e+00
6.860000000000000000e+02 3.104224744188876506e-01 1.049066097840018807e+00
6.870000000000000000e+02 3.307803888584821550e-01 1.055956974409628657e+00
6.880000000000000000e+02 3.342601425754718192e-01 1.006905376479245717e+00
6.890000000000000000e+02 3.025504938430256252e-01 1.147100276705147470e+00
6.900000000000000000e+02 3.428095463123030373e-01 1.150631168614263178e+00
6.910000000000000000e+02 3.447251290310430205e-01 9.612620101458784205e-01
6.920000000000000000e+02 3.206313648285010198e-01 1.138549079065737546e+00
6.930000000000000000e+02 3.117540864781899734e-01 1.094777269639830575e+00
6.940000000000000000e+02 3.238635905674698834e-01 1.161683998246123783e+00
6.950000000000000000e+02 3.309128080463894506e-01 1.340559598328410651e+00
6.960000000000000000e+02 2.980479785352566080e-01 1.027048268179962642e+00
6.970000000000000000e+02 3.597929283559473945e-01 1.359448099481886718e+00
6.980000000000000000e+02 3.105450637316279350e-01 8.632620970408121375e-01
6.990000000000000000e+02 3.339084386825561523e-01 1.059380368909974113e+00
7.000000000000000000e+02 3.416543610526708297e-01 1.049251668695090567e+00
7.010000000000000000e+02 3.000847457626090176e-01 1.394515994666279290e+00
7.020000000000000000e+02 3.170979441577241875e-01 1.116529119187507080e+00
7.030000000000000000e+02 3.438671446635219731e-01 1.094937858374222417e+00
7.040000000000000000e+02 3.332302776987619564e-01 1.241854375687198253e+00
7.050000000000000000e+02 3.061421493082556178e-01 1.089309424593828624e+00
7.060000000000000000e+02 3.193205803482219163e-01 1.147807027982628902e+00
7.070000000000000000e+02 3.561885745479510534e-01 9.853302413138790294e-01
7.080000000000000000e+02 3.267157199880245666e-01 1.152992713278618409e+00
7.090000000000000000e+02 3.158858200824291029e-01 1.191668024961499261e+00
7.100000000000000000e+02 3.116455743937698863e-01 1.153002348499021723e+00
7.110000000000000000e+02 3.633774159518817215e-01 1.126317570174949712e+00
7.120000000000000000e+02 3.514587205618318611e-01 1.273397948430932125e+00
7.130000000000000000e+02 2.843200556169717674e-01 1.113374329995417966e+00
7.140000000000000000e+02 3.347913041108786514e-01 1.007635323897652091e+00
7.150000000000000000e+02 3.255859028070400840e-01 1.194869456083878179e+00
7.160000000000000000e+02 3.326712157814253890e-01 1.200440885364145505e+00
7.170000000000000000e+02 3.002264050354484515e-01 1.142236459082451416e+00
7.180000000000000000e+02 2.718152747354434795e-01 1.101117674855218498e+00
7.190000000000000000e+02 4.167994544402940371e-01 1.260419971701027597e+00
7.200000000000000000e+02 3.017916164614937724e-01 1.267542341481084467e+00
7.210000000000000000e+02 3.023289882219754587e-01 1.303612251212631357e+00
7.220000000000000000e+02 3.261855420568820496e-01 1.115634361902872795e+00
7.230000000000000000e+02 3.464830845366907441e-01 1.150856038798456549e+00
7.240000000000000000e+02 2.844472402379712994e-01 1.080254430356232920e+00
7.250000000000000000e+02 3.063068972099525222e-01 1.058884059173473391e+00
7.260000000000000000e+02 3.474175649441532121e-01 1.175889832386072031e+00
7.270000000000000000e+02 2.800042761949485537e-01 1.230087152425793695e+00
7.280000000000000000e+02 3.421465854229211456e-01 9.575845452322475637e-01
7.290000000000000000e+02 2.956112657339518557e-01 1.054056158964184808e+00
7.300000000000000000e+02 3.124938955288806830e-01 1.081635376681452154e+00
7.310000000000000000e+02 3.250815506654841092e-01 9.632990342983300813e-01
7.320000000000000000e+02 3.513179214464293709e-01 1.171452605206033448e+00
7.330000000000000000e+02 3.198291406831668682e-01 9.751552740732828406e-01
7.340000000000000000e+02 3.104178397701336523e-01 1.200399511966152577e+00
7.350000000000000000e+02 2.921700220968987960e-01 1.333209167356076419e+00
7.360000000000000000e+02 2.790058550564690765e-01 1.244591460711714115e+00
7.370000000000000000e+02 2.990012617056606592e-01 1.202985158865002679e+00
7.380000000000000000e+02 2.937195260485316872e-01 1.219157341597736810e+00
7.390000000000000000e+02 3.008812530109515326e-01 9.197693389395008579e-01
7.400000000000000000e+02 3.758303598322049743e-01 1.175497502520464366e+00
7.410000000000000000e+02 3.365015638921097230e-01 1.219017217124717778e+00
7.420000000000000000e+02 3.150406050376403089e-01 9.872217126514600816e-01
7.430000000000000000e+02 3.131022656540227711e-01 1.042773137921872317e+00
7.440000000000000000e+02 3.004067809593797822e-01 7.844060573025025684e-01
7.450000000000000000e+02 3.402837198654203865e-01 1.114836167598116212e+00
7.460000000000000000e+02 2.926191176470303024e-01 1.099891742070515877e+00
7.470000000000000000e+02 3.168778912379191515e-01 1.505602707033572019e+00
7.480000000000000000e+02 3.168582370636439105e-01 1.089967820955359379e+00
7.490000000000000000e+02 3.404458385084118133e-01 1.205030195954917227e+00
7.500000000000000000e+02 2.825712171068021639e-01 1.025307344353717287e+00
7.510000000000000000e+02 3.009881335191237350e-01 1.121873527333356435e+00
7.520000000000000000e+02 2.938011503129294155e-01 1.158564028532608647e+00
7.530000000000000000e+02 2.989554781944323558e-01 9.538420369659644793e-01
7.540000000000000000e+02 3.052882068712292618e-01 1.109306668889695313e+00
7.550000000000000000e+02 3.013168572626932495e-01 1.045438338017118163e+00
7.560000000000000000e+02 3.360776744271052885e-01 1.104827289995939932e+00
7.570000000000000000e+02 3.291842795661994447e-01 1.192396810089332515e+00
7.580000000000000000e+02 2.887883867972936280e-01 1.238538050997084472e+00
7.590000000000000000e+02 3.183959304679744307e-01 1.224038865255272945e+00
7.600000000000000000e+02 2.738956137922883838e-01 1.187992011291393313e+00
7.610000000000000000e+02 3.375247943431440301e-01 1.219002125919729007e+00
7.620000000000000000e+02 3.051634876403493402e-01 1.158018507819244869e+00
7.630000000000000000e+02 2.916797933384359109e-01 1.070046307384104001e+00
7.640000000000000000e+02 3.515640404312361800e-01 1.011266860409059332e+00
7.650000000000000000e+02 2.751884697339473385e-01 1.219241175098695562e+00
7.660000000000000000e+02 3.357613001658458773e-01 1.195323002511176513e+00
7.670000000000000000e+02 2.628339836539809737e-01 1.026235924250837650e+00
7.680000000000000000e+02 3.442831156211348387e-01 1.669015292672143547e+00
7.690000000000000000e+02 2.704509466355690117e-01 1.327072979747385251e+00
7.700000000000000000e+02 3.217117606304377153e-01 1.288975062577620845e+00
7.710000000000000000e+02 3.805300754141868191e-01 1.210204172825467772e+00
7.720000000000000000e+02 2.783669259484487513e-01 9.635380731112714869e-01
7.730000000000000000e+02 3.080295708039941238e-01 1.288391094276870597e+00
7.740000000000000000e+02 2.902911926691348898e-01 1.067863186200459724e+00
7.750000000000000000e+02 2.936206543535897495e-01 1.299493034680684334e+00
7.760000000000000000e+02 3.112379310998601434e-01 1.063192669896112053e+00
7.770000000000000000e+02 3.253516265909180416e-01 9.158701620240142782e-01
7.780000000000000000e+02 3.016481123504444750e-01 1.229796233384505610e+00
7.790000000000000000e+02 2.712367772676865796e-01 8.569291657295780018e-01
7.800000000000000000e+02 3.273347942656232856e-01 1.336800673733586908e+00
7.810000000000000000e+02 3.101233353141609750e-01 1.025716486184493403e+00
7.820000000000000000e+02 2.814768247931968004e-01 1.176971335341964853e+00
7.830000000000000000e+02 3.428021341789769805e-01 1.084836726603300772e+00
7.840000000000000000e+02 2.844779983200796392e-01 1.026389054630113762e+00
7.850000000000000000e+02 3.024476728290698690e-01 1.166937256204909179e+00
7.860000000000000000e+02 2.963262459703984164e-01 1.233720579009125240e+00
7.870000000000000000e+02 2.730325048661413900e-01 1.134450803632321536e+00
7.880000000000000000e+02 3.289165588525625461e-01 1.035011040991631104e+00
7.890000000000000000e+02 3.083718724624074925e-01 1.134491317514060293e+00
7.900000000000000000e+02 2.572672141113960809e-01 1.195260723431905037e+00
7.910000000000000000e+02 2.835198500153369161e-01 1.055029592652251713e+00
7.920000000000000000e+02 3.131830928799433367e-01 9.463379555854244396e-01
7.930000000000000000e+02 2.675998700086516524e-01 1.186225466106249016e+00
7.940000000000000000e+02 2.944119467231759990e-01 1.224047284195388663e+00
7.950000000000000000e+02 2.829949788313179115e-01 1.134759680084560296e+00
7.960000000000000000e+02 3.092949923895697562e-01 1.134087980657384032e+00
7.970000000000000000e+02 2.932232934555024650e-01 1.177072037821230710e+00
7.980000000000000000e+02 2.849185648386108327e-01 9.585544700207917490e-01
7.990000000000000000e+02 3.048826412466039693e-01 1.067789604698402339e+00
8.000000000000000000e+02 3.148450138611344484e-01 1.261929905932882567e+00
8.010000000000000000e+02 3.076517166375506984e-01 1.353974933209626474e+00
8.020000000000000000e+02 2.781276468936419999e-01 1.027419677679089594e+00
8.030000000000000000e+02 2.813860862764693271e-01 1.184306872063788818e+00
8.040000000000000000e+02 3.062374145930050195e-01 1.127511568691419441e+00
8.050000000000000000e+02 2.810527186926084497e-01 1.333355898442475596e+00
8.060000000000000000e+02 2.865043564607168691e-01 1.023809063261833741e+00
8.070000000000000000e+02 3.028763988015002462e-01 1.118284052696780773e+00
8.080000000000000000e+02 2.982276343662320084e-01 1.038807996805163336e+00
8.090000000000000000e+02 3.100841577726465847e-01 1.084241482658662603e+00
8.100000000000000000e+02 2.862171018093293551e-01 1.144952449245729253e+00
8.110000000000000000e+02 3.186977638581023342e-01 1.340388285940971924e+00
8.120000000000000000e+02 3.117440735338298241e-01 1.149448902710624276e+00
8.130000000000000000e+02 2.853707797806378510e-01 9.816461766975513870e-01
8.140000000000000000e+02 2.734528617049106214e-01 1.518235512401746590e+00
8.150000000000000000e+02 2.754076707057463991e-01 1.194591218146725087e+00
8.160000000000000000e+02 3.204044157084617872e-01 1.104344863822494638e+00
8.170000000000000000e+02 3.413642482599835715e-01 1.175591226937114264e+00
8.180000000000000000e+02 2.753092430854268136e-01 1.126158923342607920e+00
8.190000000000000000e+02 3.332012801528280166e-01 1.187803755635800540e+00
8.200000000000000000e+02 3.009169618137010338e-01 1.285407641659612299e+00
8.210000000000000000e+02 2.773595130398073261e-01 9.931003252665201453e-01
8.220000000000000000e+02 2.965127974748611450e-01 1.068121058353479258e+00
8.230000000000000000e+02 3.048417203450627389e-01 1.141707993935847654e+00
8.240000000000000000e+02 2.702478600746499593e-01 1.093933051910953136e+00
8.250000000000000000e+02 2.956725389296165352e-01 1.044683040052220457e+00
8.260000000000000000e+02 3.105754419559180191e-01 1.369987657104713374e+00
8.270000000000000000e+02 3.076028047323833836e-01 1.061126271883646721e+00
8.280000000000000000e+02 2.972503223480322254e-01 1.065064105434694097e+00
8.290000000000000000e+02 2.670185965966935804e-01 9.832318589307259549e-01
8.300000000000000000e+02 3.055565087622358345e-01 1.188061973322992682e+00
8.310000000000000000e+02 3.062406088968719908e-01 1.236015870087388668e+00
8.320000000000000000e+02 2.907374206643837944e-01 1.308994619742683829e+00
8.330000000000000000e+02 2.859729971291151140e-01 9.700879843338675590e-01
8.340000000000000000e+02 2.704256553837968147e-01 1.170232016107310313e+00
8.350000000000000000e+02 2.705479656694499413e-01 1.290562795556109865e+00
8.360000000000000000e+02 3.023659118259225953e-01 1.335659669793170412e+00
8.370000000000000000e+02 2.904597123463948383e-01 1.108371681061343761e+00
8.380000000000000000e+02 3.306426944756748476e-01 1.627705578354821769e+00
8.390000000000000000e+02 2.965166374623927070e-01 9.428475248640861839e-01
8.400000000000000000e+02 2.828842299870955590e-01 1.111143518185270018e+00
8.410000000000000000e+02 3.200947906983110935e-01 1.141426509705142589e+00
8.420000000000000000e+02 2.286274286778525178e-01 1.073691632436669430e+00
8.430000000000000000e+02 3.342380757246915524e-01 1.198142941447271737e+00
8.440000000000000000e+02 2.830851501180925434e-01 1.248448954112287845e+00
8.450000000000000000e+02 3.066183305499511347e-01 1.237458987512450204e+00
8.460000000000000000e+02 2.988331384881578456e-01 1.157293596129486568e+00
8.470000000000000000e+02 2.675857781681395542e-01 1.204727395721103766e+00
8.480000000000000000e+02 3.414290944356044855e-01 1.291588637275972173e+00
8.490000000000000000e+02 2.495768162302481885e-01 1.043493155120075677e+00
8.500000000000000000e+02 2.918350013309459201e-01 1.099610024604244618e+00
8.510000000000000000e+02 3.166245993490170996e-01 1.300544997920160650e+00
8.520000000000000000e+02 2.583232360008435591e-01 1.213417174159616696e+00
8.530000000000000000e+02 3.054554636469324347e-01 1.240065111630204830e+00
8.540000000000000000e+02 2.919795115036193933e-01 1.245455411897189446e+00
8.550000000000000000e+02 3.014582452049085481e-01 1.106809246367302491e+00
8.560000000000000000e+02 2.641680419596703633e-01 1.045259845429572509e+00
8.570000000000000000e+02 2.926279384519611115e-01 1.362216749053070552e+00
8.580000000000000000e+02 2.655405719119768859e-01 1.044184629467950431e+00
8.590000000000000000e+02 2.960889156569134206e-01 1.040562655614770016e+00
8.600000000000000000e+02 2.439064351656964613e-01 1.226202897403551262e+00
8.610000000000000000e+02 3.243705963587942831e-01 1.073148850081623529e+00
8.620000000000000000e+02 2.804368286187411963e-01 1.046849886576334709e+00
8.630000000000000000e+02 3.116034433245659097e-01 1.070235159086144527e+00
8.640000000000000000e+02 2.897334875723787673e-01 1.104736259234124329e+00
8.650000000000000000e+02 2.684214501218362137e-01 1.037395088568977775e+00
8.660000000000000000e+02 2.622489052571109758e-01 8.361741649931755394e-01
8.670000000000000000e+02 3.109166173610372064e-01 9.950960442639779080e-01
8.680000000000000000e+02 2.823781345899288309e-01 1.181983643683834462e+00
8.690000000000000000e+02 2.862690582570403541e-01 1.050078278002531729e+00
8.700000000000000000e+02 2.939138625186818454e-01 1.080167606257010249e+00
8.710000000000000000e+02 2.801908352826994464e-01 1.131848055383433360e+00
8.720000000000000000e+02 3.119533421429058762e-01 9.236551989679750996e-01
8.730000000000000000e+02 2.885389210461963283e-01 1.164974464886430416e+00
8.740000000000000000e+02 2.914759397658379658e-01 1.093386631081069815e+00
8.750000000000000000e+02 2.798634637858121721e-01 1.132099231084187752e+00
8.760000000000000000e+02 2.799726884252848880e-01 1.153686165809631348e+00
8.770000000000000000e+02 2.791181191536609707e-01 1.059577976447948489e+00
8.780000000000000000e+02 3.349540232853731592e-01 1.279489603595457270e+00
8.790000000000000000e+02 2.652689384726377719e-01 1.087115609991377685e+00
8.800000000000000000e+02 2.785817267316760271e-01 1.065769599831622561e+00
8.810000000000000000e+02 2.621133589209654335e-01 1.475391083869381337e+00
8.820000000000000000e+02 3.489187254448129494e-01 1.051264868266340580e+00
8.830000000000000000e+02 2.883156693134552584e-01 1.076426756554755615e+00
8.840000000000000000e+02 2.572705846543263952e-01 1.045916603959125002e+00
8.850000000000000000e+02 2.671049616415688832e-01 1.191832943239073739e+00
8.860000000000000000e+02 2.694230782621689357e-01 1.457038353318753421e+00
8.870000000000000000e+02 2.885618293634201192e-01 1.140530152597289071e+00
8.880000000000000000e+02 2.798737582870018947e-01 1.152410681696905526e+00
8.890000000000000000e+02 2.918349110116862377e-01 1.027382104293159903e+00
8.900000000000000000e+02 3.071093105784505894e-01 1.149939702904742678e+00
8.910000000000000000e+02 2.752151961696663318e-01 1.096299029778743162e+00
8.920000000000000000e+02 2.614021846507948443e-01 1.159717672113059317e+00
8.930000000000000000e+02 2.683010217721832347e-01 1.155265087666718760e+00
8.940000000000000000e+02 3.036918264763955877e-01 1.063713474550108895e+00
8.950000000000000000e+02 3.016148151938848332e-01 1.182223142057225340e+00
8.960000000000000000e+02 3.021310911378787822e-01 1.092809887899868659e+00
8.970000000000000000e+02 2.839340848928796346e-01 1.068193040032317631e+00
8.980000000000000000e+02 2.725155423312393688e-01 1.194369853406712645e+00
8.990000000000000000e+02 3.012973252901897658e-01 1.033371747403905028e+00
9.000000000000000000e+02 2.988490083138754527e-01 1.088099039119222899e+00
9.010000000000000000e+02 2.800209929469887338e-01 1.075875403224558102e+00
9.020000000000000000e+02 2.777693723600935805e-01 1.079342576040737800e+00
9.030000000000000000e+02 2.606874702844304559e-01 1.111101499502209711e+00
9.040000000000000000e+02 2.767432714994930709e-01 1.041996866032697255e+00
9.050000000000000000e+02 2.661583849036966432e-01 1.008867875389430901e+00
9.060000000000000000e+02 2.687048265193861529e-01 1.240335220875947275e+00
9.070000000000000000e+02 2.928171963477977369e-01 1.002125786698382814e+00
9.080000000000000000e+02 2.620773010529004465e-01 1.191297418829323496e+00
9.090000000000000000e+02 2.648031625508048825e-01 9.581758181254068640e-01
9.100000000000000000e+02 3.027012996546184498e-01 1.148866867673569825e+00
9.110000000000000000e+02 2.976219616545975888e-01 1.248675581337749030e+00
9.120000000000000000e+02 2.625177231529590149e-01 1.188772246457528325e+00
9.130000000000000000e+02 3.173777649574207604e-01 1.433430716611336919e+00
9.140000000000000000e+02 2.969490142204822547e-01 1.119568197623543204e+00
9.150000000000000000e+02 2.506181632328515207e-01 1.103317507799120856e+00
9.160000000000000000e+02 2.839101862830993306e-01 1.230506342390309316e+00
9.170000000000000000e+02 2.845491032867334402e-01 1.102586611457492927e+00
9.180000000000000000e+02 2.882185516921618729e-01 1.094124273977417960e+00
9.190000000000000000e+02 2.708134249648975200e-01 1.039944871612217048e+00
9.200000000000000000e+02 3.494506274319180150e-01 1.024861831595932138e+00
9.210000000000000000e+02 2.474043902777533499e-01 1.133064447969630129e+00
9.220000000000000000e+02 3.012576314025859348e-01 1.114161836928215576e+00
9.230000000000000000e+02 2.647775088178596081e-01 1.230437315028646728e+00
9.240000000000000000e+02 2.814043465309774006e-01 1.058770390524380378e+00
9.250000000000000000e+02 2.539206726936286684e-01 1.119139177211816660e+00
9.260000000000000000e+02 3.178844595607607237e-01 9.242853807366412378e-01
9.270000000000000000e+02 2.450075039578454850e-01 1.183277712352033939e+00
9.280000000000000000e+02 2.795813305839023877e-01 1.170572636783986820e+00
9.290000000000000000e+02 2.625533973291023226e-01 9.857021604759105271e-01
9.300000000000000000e+02 3.040146116505969554e-01 1.186523503151492687e+00
9.310000000000000000e+02 3.135417698297185418e-01 1.068602710530377919e+00
9.320000000000000000e+02 2.610358316164750336e-01 1.134041248888209230e+00
9.330000000000000000e+02 2.524873420558206294e-01 1.211341092551963872e+00
9.340000000000000000e+02 2.833357828339850837e-01 1.032507630362026863e+00
9.350000000000000000e+02 3.076606222236429322e-01 1.010343627653260246e+00
9.360000000000000000e+02 3.062510077128277053e-01 1.097386194312054197e+00
9.370000000000000000e+02 2.510958422003811696e-01 1.071181008781211919e+00
9.380000000000000000e+02 3.092686438378486891e-01 1.156464056692261710e+00
9.390000000000000000e+02 2.931946940321958905e-01 1.134270890899326423e+00
9.400000000000000000e+02 3.037462863530821511e-01 1.227821146232494387e+00
9.410000000000000000e+02 2.867516607347160851e-01 1.156041986700417246e+00
9.420000000000000000e+02 2.770798602356360774e-01 9.574410569840583474e-01
9.430000000000000000e+02 2.551017076981187959e-01 9.856592174889384772e-01
9.440000000000000000e+02 2.778832407524952641e-01 1.139272323553113031e+00
9.450000000000000000e+02 2.897576609946260762e-01 1.106236640957818596e+00
9.460000000000000000e+02 3.237717705601044216e-01 9.318672522254611845e-01
9.470000000000000000e+02 2.855135538066044809e-01 1.052131146624468272e+00
9.480000000000000000e+02 2.491571737284010157e-01 1.021189839943595468e+00
9.490000000000000000e+02 2.825563957597159725e-01 1.203403989473978752e+00
9.500000000000000000e+02 2.691527805255569672e-01 1.098390629326087886e+00
9.510000000000000000e+02 2.795841837202319713e-01 1.203116682992465325e+00
9.520000000000000000e+02 2.790265487881410378e-01 1.160594069439431886e+00
9.530000000000000000e+02 3.134735379055256232e-01 1.347892305125360846e+00
9.540000000000000000e+02 2.668847440914949853e-01 1.022303574327109610e+00
9.550000000000000000e+02 2.688741058111190907e-01 1.170537703279135977e+00
9.560000000000000000e+02 3.162395352398166271e-01 1.114189331082330314e+00
9.570000000000000000e+02 2.665352399150530682e-01 1.332473188206769521e+00
9.580000000000000000e+02 2.674441726608130510e-01 1.088833570480346680e+00
9.590000000000000000e+02 3.122739383043386940e-01 1.309377868970235115e+00
9.600000000000000000e+02 2.758434339605196350e-01 1.114337074583855225e+00
9.610000000000000000e+02 2.898207439444003830e-01 1.041157337202541999e+00
9.620000000000000000e+02 2.703839186342011369e-01 9.906796251518138474e-01
9.630000000000000000e+02 2.885813888049487130e-01 1.001239069993945074e+00
9.640000000000000000e+02 2.653944200952241261e-01 9.352470843688301949e-01
9.650000000000000000e+02 2.913259216608145574e-01 8.535922519538713393e-01
9.660000000000000000e+02 2.381883923227738897e-01 1.002270916233892084e+00
9.670000000000000000e+02 2.902027404566150937e-01 1.111162007718846434e+00
9.680000000000000000e+02 2.737355620815203894e-01 1.092349961184073237e+00
9.690000000000000000e+02 2.884161135915553897e-01 1.130346674850021493e+00
9.700000000000000000e+02 2.339005364109844887e-01 8.328615012376204829e-01
9.710000000000000000e+02 2.622283102610172278e-01 1.080019584600476312e+00
9.720000000000000000e+02 2.745114144953814672e-01 1.082583646843398917e+00
9.730000000000000000e+02 2.974653883240162000e-01 1.165667594342991942e+00
9.740000000000000000e+02 2.928200033728522444e-01 1.429291227589482904e+00
9.750000000000000000e+02 2.565889376341234929e-01 1.217727714690609364e+00
9.760000000000000000e+02 3.057002618717841735e-01 1.069587842277858636e+00
9.770000000000000000e+02 2.694449714112161498e-01 1.178866472797117426e+00
9.780000000000000000e+02 2.637516909276559351e-01 9.376774283422939504e-01
9.790000000000000000e+02 2.886738650898896807e-01 1.079527640688246581e+00
9.800000000000000000e+02 2.691738555446649417e-01 1.156197568644647955e+00
9.810000000000000000e+02 2.476635287431153409e-01 1.183915653090546138e+00
9.820000000000000000e+02 2.688409368348789186e-01 1.252900317095328120e+00
9.830000000000000000e+02 2.858308411888190737e-01 1.181299371995787606e+00
9.840000000000000000e+02 2.940544704444535973e-01 1.194146263426628662e+00
9.850000000000000000e+02 3.035501070511646970e-01 1.398464160552923330e+00
9.860000000000000000e+02 2.640663075326669107e-01 9.773540911467178960e-01
9.870000000000000000e+02 2.939641612555841110e-01 1.147502811058707772e+00
9.880000000000000000e+02 2.758655420862711205e-01 1.452145982479703612e+00
9.890000000000000000e+02 2.573503456042923188e-01 1.101931758980820186e+00
9.900000000000000000e+02 2.563641643659634872e-01 1.062498077102329352e+00
9.910000000000000000e+02 2.825626718406458737e-01 1.328931808471679688e+00
9.920000000000000000e+02 2.648667811058252886e-01 1.315066688302634512e+00
9.930000000000000000e+02 3.119341199862137870e-01 1.168894501699917488e+00
9.940000000000000000e+02 2.482456286217420149e-01 1.164103456165479500e+00
9.950000000000000000e+02 2.650738375180853312e-01 1.158508559931879400e+00
9.960000000000000000e+02 2.654672739766633094e-01 1.216256063917408925e+00
9.970000000000000000e+02 2.895524236006287722e-01 1.093798492265784184e+00
9.980000000000000000e+02 2.504365543524424420e-01 9.351786219555399127e-01
9.990000000000000000e+02 2.566075878971405544e-01 1.098910490671793694e+00
1.000000000000000000e+03 3.150073670552280269e-01 1.050990489945895501e+00
