1.000000000000000000e+00 4.668858261425884670e+00 9.534455860294581697e-01
2.000000000000000000e+00 2.891034842353977563e+00 5.455050769707431302e-01
3.000000000000000000e+00 2.742835228184523633e+00 1.167603279945355066e+00
4.000000000000000000e+00 2.694998598736765949e+00 1.566520854470810464e+00
5.000000000000000000e+00 2.222635561092980883e+00 1.426322727387653977e+00
6.000000000000000000e+00 2.323272587539816136e+00 1.308442183162854988e+00
7.000000000000000000e+00 2.590484953298808790e+00 6.664011201996734579e-01
8.000000000000000000e+00 2.202985035742722975e+00 2.767133032066234843e+00
9.000000000000000000e+00 2.367400203969456385e+00 2.053041357924972665e+00
1.000000000000000000e+01 2.369605792075746731e+00 1.544749338269809646e+00
1.100000000000000000e+01 2.184602144029194282e+00 1.484673860568355153e+00
1.200000000000000000e+01 2.251047858532237100e+00 1.213919253740909587e+00
1.300000000000000000e+01 2.225351754553419159e+00 8.804821317322588659e-01
1.400000000000000000e+01 2.139933928094729154e+00 1.947966010098296064e+00
1.500000000000000000e+01 2.115586806536100539e+00 7.760663257128950221e-01
1.600000000000000000e+01 2.139367135087939964e+00 1.653369599494381337e+00
1.700000000000000000e+01 1.995011943751209493e+00 1.229851654762231128e+00
1.800000000000000000e+01 2.143647491495181523e+00 1.459628487554725185e+00
1.900000000000000000e+01 2.157158215017826119e+00 7.942013291345126902e-01
2.000000000000000000e+01 2.089032218605517244e+00 4.525979172780317805e-01
2.100000000000000000e+01 1.935844210368427243e+00 8.700514144943531925e-01
2.200000000000000000e+01 1.957100978756679988e+00 7.100756508140748657e-01
2.300000000000000000e+01 2.075378168479923069e+00 7.049525981939933628e-01
2.400000000000000000e+01 2.364487908768706959e+00 1.385899388271829347e+00
2.500000000000000000e+01 1.932693386142441572e+00 2.458808864372363789e+00
2.600000000000000000e+01 1.665442940411426376e+00 9.338469781737396280e-01
2.700000000000000000e+01 1.864429024433848836e+00 1.297426043501222814e+00
2.800000000000000000e+01 1.831679844214218589e+00 5.485645001349241934e-01
2.900000000000000000e+01 2.041816158540008086e+00 1.076660065259334553e+00
3.000000000000000000e+01 1.897166742569096121e+00 1.066228411623821204e+00
3.100000000000000000e+01 1.644849243639695535e+00 1.150857885102718914e+00
3.200000000000000000e+01 1.660298266470240591e+00 6.736323490810854908e-01
3.300000000000000000e+01 1.860852193380473141e+00 2.610570458398349114e+00
3.400000000000000000e+01 1.828392838968445400e+00 5.408546620089075274e-01
3.500000000000000000e+01 1.450365490406780200e+00 8.304336992438864362e-01
3.600000000000000000e+01 2.099179677311574288e+00 5.535695185695869158e-01
3.700000000000000000e+01 1.686291089973923629e+00 7.165945080167429593e-01
3.800000000000000000e+01 1.756840735987213353e+00 7.907640461760442330e-01
3.900000000000000000e+01 1.726784928156791077e+00 2.420555057157065093e+00
4.000000000000000000e+01 1.856639660593429664e+00 1.105218843561439623e+00
4.100000000000000000e+01 1.750991672704689917e+00 1.674382366419990387e+00
4.200000000000000000e+01 1.905467482377784405e+00 5.383337330127108133e-01
4.300000000000000000e+01 1.497551706188936294e+00 9.527271865070729984e-01
4.400000000000000000e+01 1.772860821188160685e+00 1.541604411774787353e+00
4.500000000000000000e+01 2.084193634414913898e+00 2.255353971379966627e+00
4.600000000000000000e+01 1.516064344531185659e+00 2.114209350180510594e+00
4.700000000000000000e+01 1.502485829486341018e+00 1.486763680038820645e+00
4.800000000000000000e+01 1.814648526335003398e+00 2.072157970373181168e+00
4.900000000000000000e+01 1.503209453361210812e+00 5.684436145036116939e-01
5.000000000000000000e+01 1.544817153703082591e+00 1.603956729317632890e+00
5.100000000000000000e+01 1.891953865294625059e+00 1.024982839390851552e+00
5.200000000000000000e+01 1.529387659424997103e+00 7.868050466413083477e-01
5.300000000000000000e+01 1.623097600826566955e+00 1.390417673737530446e+00
5.400000000000000000e+01 1.731648459819735475e+00 1.099220256298636400e+00
5.500000000000000000e+01 1.303853358013609354e+00 7.112659290792860967e-01
5.600000000000000000e+01 1.698644889424545612e+00 8.447507498920827640e-01
5.700000000000000000e+01 1.571633772129995776e+00 1.605135865833448250e+00
5.800000000000000000e+01 1.382659931743399406e+00 9.567148339921149880e-01
5.900000000000000000e+01 1.401860893555946896e+00 2.377372050630873535e+00
6.000000000000000000e+01 1.660295540789124225e+00 8.007143373074738779e-01
6.100000000000000000e+01 1.561793856548540527e+00 1.227347060678085855e+00
6.200000000000000000e+01 1.278469642201420564e+00 5.697621167569920653e-01
6.300000000000000000e+01 1.507885203819082198e+00 9.165757405009247183e-01
6.400000000000000000e+01 1.561151990563142578e+00 9.753888839684822232e-01
6.500000000000000000e+01 1.374672610267182238e+00 7.534483789020905986e-01
6.600000000000000000e+01 1.603703898913932502e+00 1.001205572183581305e+00
6.700000000000000000e+01 1.386836957921935731e+00 1.923778639899359710e+00
6.800000000000000000e+01 1.374992072582244873e+00 6.243224788979055973e-01
6.900000000000000000e+01 1.332181476377597651e+00 9.444590962451436811e-01
7.000000000000000000e+01 1.549614747064282261e+00 2.905688201747654631e+00
7.100000000000000000e+01 1.312337401880508514e+00 9.411737556042878428e-01
7.200000000000000000e+01 1.293687240466565580e+00 1.925774645690180753e+00
7.300000000000000000e+01 1.569964632957311368e+00 1.337474992309791499e+00
7.400000000000000000e+01 1.179287747602270064e+00 8.538559479413977416e-01
7.500000000000000000e+01 1.381595962876990935e+00 1.458829765734465322e+00
7.600000000000000000e+01 1.365164952507517349e+00 1.100100402094891683e+00
7.700000000000000000e+01 1.342538617393211453e+00 1.336493190359954175e+00
7.800000000000000000e+01 1.477314006963251547e+00 1.290063898344546711e+00
7.900000000000000000e+01 1.267756660779317146e+00 1.258552426877229014e+00
8.000000000000000000e+01 1.289940893170917979e+00 1.180696231155579756e+00
8.100000000000000000e+01 1.131994559758841445e+00 9.260989608971968989e-01
8.200000000000000000e+01 1.419482854947651917e+00 9.174179397343437126e-01
8.300000000000000000e+01 1.344093819471938289e+00 9.875701936546731341e-01
8.400000000000000000e+01 1.226734875350972143e+00 8.087839700173640178e-01
8.500000000000000000e+01 1.282271470317949857e+00 2.657602302118200033e+00
8.600000000000000000e+01 1.261810088981751177e+00 7.590321023107150511e-01
8.700000000000000000e+01 1.148207911984788998e+00 1.474515048777999437e+00
8.800000000000000000e+01 1.338180278736757378e+00 1.436199288437332022e+00
8.900000000000000000e+01 1.163136262428840384e+00 6.762563900095253100e-01
9.000000000000000000e+01 1.332508750255084973e+00 1.211533722670181890e+00
9.100000000000000000e+01 1.077206571263923607e+00 7.691109157414828257e-01
9.200000000000000000e+01 1.286421712785816851e+00 9.025906894517981005e-01
9.300000000000000000e+01 1.179581020667095359e+00 9.606536045166604865e-01
9.400000000000000000e+01 1.112908914139332239e+00 1.372687938708613942e+00
9.500000000000000000e+01 1.207950451735593456e+00 1.356704538571085861e+00
9.600000000000000000e+01 1.241858529698966374e+00 2.068084760564536939e+00
9.700000000000000000e+01 1.149551731589190551e+00 1.661320512421465168e+00
9.800000000000000000e+01 1.199789142335209391e+00 1.277876372498590651e+00
9.900000000000000000e+01 1.139790469871352574e+00 9.381353336831798062e-01
1.000000000000000000e+02 1.208661689694499719e+00 7.808487095694610636e-01
1.010000000000000000e+02 1.114742100447672746e+00 1.026190139245295896e+00
1.020000000000000000e+02 1.135944168083073080e+00 1.247877013280195957e+00
1.030000000000000000e+02 1.107315865044154801e+00 8.356533447901407508e-01
1.040000000000000000e+02 1.130800629609631347e+00 1.081159198917628572e+00
1.050000000000000000e+02 1.035114369932805367e+00 7.844048122277006430e-01
1.060000000000000000e+02 1.141783210721582620e+00 1.225232856861059316e+00
1.070000000000000000e+02 1.245450329613480456e+00 8.718768554033288209e-01
1.080000000000000000e+02 9.805413299246402703e-01 8.660901606370861039e-01
1.090000000000000000e+02 1.077815138294879960e+00 9.290629435276639425e-01
1.100000000000000000e+02 1.103764950906292341e+00 1.671267138587103851e+00
1.110000000000000000e+02 1.069048447816660863e+00 7.049148552083738251e-01
1.120000000000000000e+02 1.090985561907291457e+00 9.406330988602937815e-01
1.130000000000000000e+02 1.036311726226951224e+00 8.141060310285448409e-01
1.140000000000000000e+02 1.133980727684459566e+00 1.000326657064871005e+00
1.150000000000000000e+02 9.518183454720661185e-01 9.244085685642444705e-01
1.160000000000000000e+02 1.095966888844391862e+00 7.407929068026335440e-01
1.170000000000000000e+02 9.565493151161008623e-01 1.721482891967331064e+00
1.180000000000000000e+02 1.019130111661599836e+00 9.435505993700258331e-01
1.190000000000000000e+02 1.039795523788868969e+00 7.413601575842225788e-01
1.200000000000000000e+02 1.016161413957374249e+00 7.495530192978716588e-01
1.210000000000000000e+02 8.969849210364259084e-01 1.387741118813482499e+00
1.220000000000000000e+02 1.124860138954270061e+00 1.582866441800398594e+00
1.230000000000000000e+02 9.643065007050427573e-01 1.297449076233278653e+00
1.240000000000000000e+02 1.026884486807991603e+00 8.742796375555692556e-01
1.250000000000000000e+02 9.621685847293498517e-01 8.835322232062113867e-01
1.260000000000000000e+02 9.451170726143732770e-01 1.084214182867520027e+00
1.270000000000000000e+02 9.416901056232556133e-01 9.960285453980671777e-01
1.280000000000000000e+02 1.042550060935694800e+00 1.357776345838095144e+00
1.290000000000000000e+02 8.614748121841160344e-01 9.225350560773397657e-01
1.300000000000000000e+02 1.006139141932609338e+00 9.131828356480252706e-01
1.310000000000000000e+02 8.263954633586381160e-01 8.194321854678905392e-01
1.320000000000000000e+02 1.090029784394282775e+00 1.207352524218352041e+00
1.330000000000000000e+02 8.893637316703189022e-01 8.193652727753644172e-01
1.340000000000000000e+02 9.977265527366869780e-01 1.367534750325668291e+00
1.350000000000000000e+02 9.682299871035296990e-01 1.120983089225879636e+00
1.360000000000000000e+02 9.162756989871138069e-01 1.370819462670220368e+00
1.370000000000000000e+02 8.846104912244238117e-01 1.073325373700275476e+00
1.380000000000000000e+02 9.703090357961077217e-01 8.956852339316105915e-01
1.390000000000000000e+02 8.691811772735683617e-01 9.471168587173240949e-01
1.400000000000000000e+02 9.279981633714157185e-01 1.183628654134446290e+00
1.410000000000000000e+02 8.604131165628481348e-01 1.092862106175814363e+00
1.420000000000000000e+02 9.289546800771326662e-01 1.050137846942109210e+00
1.430000000000000000e+02 7.561271379767956491e-01 9.324385780067259155e-01
1.440000000000000000e+02 8.687858674396333747e-01 1.023809689830466718e+00
1.450000000000000000e+02 9.415425525771247139e-01 1.172595563718086265e+00
1.460000000000000000e+02 8.727808802313743453e-01 9.183712293560378770e-01
1.470000000000000000e+02 8.679301999639880139e-01 9.728040222960393502e-01
1.480000000000000000e+02 1.063659194894511328e+00 1.022490791076623218e+00
1.490000000000000000e+02 7.916868823996694449e-01 1.491129377613896967e+00
1.500000000000000000e+02 7.986502932985711789e-01 7.564675422106388325e-01
1.510000000000000000e+02 9.923082535917108205e-01 1.581306640652642814e+00
1.520000000000000000e+02 8.606863747777814266e-01 1.132200448409370841e+00
1.530000000000000000e+02 8.454660599350546368e-01 1.128984337843558672e+00
1.540000000000000000e+02 8.694391812037940426e-01 9.215617387191109566e-01
1.550000000000000000e+02 8.156230122695952156e-01 8.634199606623627066e-01
1.560000000000000000e+02 7.964530747323941284e-01 8.635128362167284743e-01
1.570000000000000000e+02 1.019957306860673318e+00 9.171342429331534873e-01
1.580000000000000000e+02 7.489231792868524806e-01 9.187011787856834699e-01
1.590000000000000000e+02 8.556516498628289336e-01 6.114551482569192675e-01
1.600000000000000000e+02 9.004949754535411799e-01 2.362568325466579910e+00
1.610000000000000000e+02 7.525062068095819123e-01 9.359907332249886025e-01
1.620000000000000000e+02 9.452450809375462226e-01 1.154380273127901368e+00
1.630000000000000000e+02 8.169445578328132784e-01 7.780281555825385720e-01
1.640000000000000000e+02 7.455031768685368432e-01 7.434307308012736426e-01
1.650000000000000000e+02 9.108095638679735151e-01 1.040917054466579339e+00
1.660000000000000000e+02 7.763722420270445790e-01 1.015490796830919029e+00
1.670000000000000000e+02 7.914132910307974944e-01 2.148655293644338382e+00
1.680000000000000000e+02 8.147201784080895237e-01 9.602562759233557177e-01
1.690000000000000000e+02 8.220838672057501073e-01 1.541206047730745432e+00
1.700000000000000000e+02 7.809612749630420181e-01 1.111562757676350266e+00
1.710000000000000000e+02 8.362113193707619851e-01 1.171815212222113045e+00
1.720000000000000000e+02 7.098448148302709537e-01 9.877241615381470163e-01
1.730000000000000000e+02 6.911754410224731915e-01 6.516425383551684991e-01
1.740000000000000000e+02 8.243426728795462122e-01 8.921482303868168984e-01
1.750000000000000000e+02 7.903861359032372524e-01 1.617532204890596681e+00
1.760000000000000000e+02 7.918565291988504118e-01 9.001168778553101379e-01
1.770000000000000000e+02 8.967741850114392399e-01 7.610107254290926493e-01
1.780000000000000000e+02 8.124922183563314526e-01 9.520966016152054845e-01
1.790000000000000000e+02 8.367652991049926436e-01 1.664409543005164638e+00
1.800000000000000000e+02 6.906465146728236748e-01 1.218647761621336922e+00
1.810000000000000000e+02 7.944470602599754683e-01 9.122220033032882869e-01
1.820000000000000000e+02 7.414486462419683788e-01 1.217963986926608566e+00
1.830000000000000000e+02 7.830169413092790132e-01 8.933737113855887424e-01
1.840000000000000000e+02 7.654099740782734917e-01 1.003615231329692215e+00
1.850000000000000000e+02 7.333178886299339672e-01 1.151427385887662025e+00
1.860000000000000000e+02 8.219132795929908752e-01 9.226190784703129921e-01
1.870000000000000000e+02 7.527705376392794800e-01 9.556429322790984671e-01
1.880000000000000000e+02 6.945096781277360076e-01 9.041085318090834599e-01
1.890000000000000000e+02 7.376468431497691380e-01 1.109713579145606532e+00
1.900000000000000000e+02 7.921555482038611373e-01 1.346317490517805249e+00
1.910000000000000000e+02 8.056262465904153736e-01 1.156343434743835052e+00
1.920000000000000000e+02 7.442278166358810010e-01 1.173205949834003503e+00
1.930000000000000000e+02 7.400484540805044587e-01 1.601442657231132660e+00
1.940000000000000000e+02 7.245575252932368038e-01 1.014838099479675293e+00
1.950000000000000000e+02 7.091514904691715859e-01 1.126535939133685549e+00
1.960000000000000000e+02 7.565865368125695989e-01 1.784973844813839916e+00
1.970000000000000000e+02 6.503029656698841032e-01 9.224850624655756004e-01
1.980000000000000000e+02 7.564248094117425048e-01 1.015735841027780362e+00
1.990000000000000000e+02 6.936625264924436429e-01 1.369438726544956131e+00
2.000000000000000000e+02 7.190938699811307844e-01 1.502058450726495353e+00
2.010000000000000000e+02 7.125577199189440103e-01 8.292512124863223866e-01
2.020000000000000000e+02 7.243093798288914309e-01 1.278554520169318032e+00
2.030000000000000000e+02 7.677860887007335045e-01 1.327115524218278164e+00
2.040000000000000000e+02 7.427957773151653287e-01 1.131302757539610848e+00
2.050000000000000000e+02 7.148190331842610989e-01 1.596320961984459386e+00
2.060000000000000000e+02 6.948355015897758058e-01 7.603709455849467780e-01
2.070000000000000000e+02 7.148045578288515500e-01 1.175187610197758303e+00
2.080000000000000000e+02 7.364986947517784266e-01 1.132798626227079275e+00
2.090000000000000000e+02 6.892903956610444416e-01 8.213701901804422167e-01
2.100000000000000000e+02 6.774507885945378893e-01 1.110286717829497061e+00
2.110000000000000000e+02 7.161699919117298085e-01 1.037426495897597167e+00
2.120000000000000000e+02 6.691749938337921977e-01 9.276761317598647416e-01
2.130000000000000000e+02 7.011214737567069699e-01 1.325386807538460943e+00
2.140000000000000000e+02 7.297117060614680684e-01 1.087787923605545659e+00
2.150000000000000000e+02 6.365252525517435256e-01 1.346321678391977139e+00
2.160000000000000000e+02 7.162224138856317923e-01 1.558752688808717535e+00
2.170000000000000000e+02 6.224807294631244936e-01 1.212146014407061045e+00
2.180000000000000000e+02 6.129652055424844592e-01 9.151725106769137419e-01
2.190000000000000000e+02 7.169873829535732268e-01 1.074766315699775543e+00
2.200000000000000000e+02 6.591940410019827556e-01 1.245350660909201101e+00
2.210000000000000000e+02 6.548645998042417204e-01 1.087339152460512937e+00
2.220000000000000000e+02 6.896336873783811550e-01 1.186212809189506112e+00
2.230000000000000000e+02 6.205652916822770315e-01 1.018736819138273519e+00
2.240000000000000000e+02 6.718696329235916975e-01 1.083921156643669281e+00
2.250000000000000000e+02 7.255891054964525022e-01 9.933085274581171520e-01
2.260000000000000000e+02 6.326523165058608456e-01 8.549755780017318507e-01
2.270000000000000000e+02 6.478678916667818255e-01 2.012869507794218915e+00
2.280000000000000000e+02 7.761220563916348958e-01 7.924686209591114139e-01
2.290000000000000000e+02 6.533186008839821923e-01 1.158041746144133466e+00
2.300000000000000000e+02 6.309794258288662361e-01 2.428387752477673356e+00
2.310000000000000000e+02 7.504067969724759202e-01 1.498415344579208330e+00
2.320000000000000000e+02 5.396220313151549597e-01 1.547907483750495361e+00
2.330000000000000000e+02 6.231477730078239796e-01 7.858634012332861296e-01
2.340000000000000000e+02 6.765540483158156704e-01 1.248012196038656096e+00
2.350000000000000000e+02 6.702225895663209698e-01 9.185639913531317147e-01
2.360000000000000000e+02 6.532970906614156137e-01 9.885057337618105011e-01
2.370000000000000000e+02 6.000309049437554387e-01 1.339430207791535654e+00
2.380000000000000000e+02 5.546949967892482736e-01 1.037854737129764171e+00
2.390000000000000000e+02 6.815846718660241166e-01 1.707502003453204020e+00
2.400000000000000000e+02 6.275115521727340218e-01 1.171908820884815183e+00
2.410000000000000000e+02 6.639619504486387047e-01 1.318864277595483081e+00
2.420000000000000000e+02 6.802979584103292510e-01 1.098390187618237146e+00
2.430000000000000000e+02 5.675116048365160815e-01 9.340992417312474760e-01
2.440000000000000000e+02 6.881943230677132206e-01 1.090481612993323246e+00
2.450000000000000000e+02 5.519400726708305616e-01 1.045086782335659104e+00
2.460000000000000000e+02 6.988047739125524682e-01 8.039359274693733681e-01
2.470000000000000000e+02 6.127532773733367355e-01 8.418049743210059832e-01
2.480000000000000000e+02 7.143678278333008835e-01 9.557292179209022631e-01
2.490000000000000000e+02 4.991750428914257243e-01 1.031256155691285148e+00
2.500000000000000000e+02 6.388582427694340371e-01 8.246472380011553582e-01
2.510000000000000000e+02 6.700004974190845175e-01 9.052516613605517959e-01
2.520000000000000000e+02 6.401895109384390103e-01 1.085481046478529388e+00
2.530000000000000000e+02 6.692659200140924636e-01 2.040273614551709969e+00
2.540000000000000000e+02 5.661396258535867920e-01 1.040862013176443446e+00
2.550000000000000000e+02 6.354639606077188141e-01 1.581895785631189044e+00
2.560000000000000000e+02 5.913241940616357217e-01 1.658639209857885488e+00
2.570000000000000000e+02 5.520324745577739334e-01 1.194974804845984950e+00
2.580000000000000000e+02 6.385376470648590486e-01 1.141079646953637949e+00
2.590000000000000000e+02 5.943262665922681709e-01 9.938882456885443917e-01
2.600000000000000000e+02 6.504540790718579268e-01 1.262423678872665933e+00
2.610000000000000000e+02 5.613560733018498894e-01 1.589199369080400714e+00
2.620000000000000000e+02 5.954272684852724984e-01 1.306761675986690907e+00
2.630000000000000000e+02 6.398242632269517394e-01 1.128335831245938392e+00
2.640000000000000000e+02 5.857667933986915321e-01 1.575231660391397615e+00
2.650000000000000000e+02 6.190886676024011104e-01 8.534859678019648399e-01
2.660000000000000000e+02 5.293806675407621842e-01 1.796451550175026446e+00
2.670000000000000000e+02 5.971302433961818146e-01 8.814988988609129272e-01
2.680000000000000000e+02 5.759426362197769267e-01 7.654246166708388310e-01
2.690000000000000000e+02 6.750724581765992216e-01 1.271537833167734943e+00
2.700000000000000000e+02 6.065058446815341231e-01 1.231324408941222748e+00
2.710000000000000000e+02 6.148424461678586583e-01 1.679546261755164638e+00
2.720000000000000000e+02 4.844556486731173561e-01 1.151802698447220497e+00
2.730000000000000000e+02 6.000866309667552967e-01 1.860229180054964182e+00
2.740000000000000000e+02 6.285880244892052549e-01 8.055035503590164403e-01
2.750000000000000000e+02 5.449040337006124668e-01 1.533733012019724118e+00
2.760000000000000000e+02 6.358087016024006610e-01 1.191054875148091385e+00
2.770000000000000000e+02 5.611278088505232686e-01 9.829985346771092924e-01
2.780000000000000000e+02 5.546648065098608305e-01 8.423125576857782848e-01
2.790000000000000000e+02 6.376298223665164411e-01 1.723849023597827879e+00
2.800000000000000000e+02 6.245286447221817250e-01 1.483963987101679205e+00
2.810000000000000000e+02 6.300482924822297104e-01 2.088870049674729668e+00
2.820000000000000000e+02 5.233047425120299634e-01 1.050289325092149895e+00
2.830000000000000000e+02 5.445166936950647241e-01 9.583344741719932447e-01
2.840000000000000000e+02 6.184308569725245341e-01 1.660506117171135498e+00
2.850000000000000000e+02 5.829825830824172384e-01 1.168817905412204095e+00
2.860000000000000000e+02 5.223364939200494383e-01 9.750867609816472603e-01
2.870000000000000000e+02 6.147637160369718856e-01 1.376049447174809481e+00
2.880000000000000000e+02 5.970782645286439871e-01 1.260762026344520503e+00
2.890000000000000000e+02 4.852407130894291765e-01 1.185517185552108721e+00
2.900000000000000000e+02 5.821875181498896712e-01 1.125048668488212167e+00
2.910000000000000000e+02 5.824998402413231746e-01 7.631089232394084876e-01
2.920000000000000000e+02 5.897783075498231886e-01 1.115498861828863930e+00
2.930000000000000000e+02 4.901718242902948219e-01 9.908040761947631836e-01
2.940000000000000000e+02 5.950519043231853322e-01 1.028801469987141282e+00
2.950000000000000000e+02 5.223044039110120718e-01 9.497662316197934551e-01
2.960000000000000000e+02 5.233522449644100183e-01 9.806705557781717486e-01
2.970000000000000000e+02 5.396420519114224490e-01 1.028611970984417479e+00
2.980000000000000000e+02 5.338396214876786061e-01 1.033182305414319657e+00
2.990000000000000000e+02 5.637957448221080359e-01 1.050906885073380703e+00
3.000000000000000000e+02 5.196078943575822562e-01 1.471376056256501474e+00
3.010000000000000000e+02 5.456750951648023928e-01 1.035834222600080068e+00
3.020000000000000000e+02 5.095495969750160059e-01 1.106335681993604325e+00
3.030000000000000000e+02 5.511119886829276560e-01 1.174962515992242995e+00
3.040000000000000000e+02 5.697001088155458914e-01 1.061673609530868090e+00
3.050000000000000000e+02 5.767810064426992511e-01 1.165703872551664633e+00
3.060000000000000000e+02 5.677618658459083756e-01 7.546747663746709023e-01
3.070000000000000000e+02 4.675955994184626818e-01 9.626301480952091927e-01
3.080000000000000000e+02 6.235490502417562197e-01 1.023969885231791999e+00
3.090000000000000000e+02 5.235135869905424011e-01 9.739263829401725303e-01
3.100000000000000000e+02 6.102001562206637031e-01 1.178811225914148997e+00
3.110000000000000000e+02 4.969951230540097797e-01 1.191449775787943199e+00
3.120000000000000000e+02 5.999427226820961412e-01 1.323543641878210941e+00
3.130000000000000000e+02 5.739092707690937045e-01 8.464790052837796175e-01
3.140000000000000000e+02 5.731886299068892354e-01 1.289653010990308601e+00
3.150000000000000000e+02 5.073751281043761274e-01 1.223127039734292154e+00
3.160000000000000000e+02 4.883832412470142659e-01 9.242017729846752072e-01
3.170000000000000000e+02 5.400856599362209298e-01 9.476209996979018113e-01
3.180000000000000000e+02 5.183216611001268959e-01 1.124054145121919923e+00
3.190000000000000000e+02 5.321024140023221660e-01 1.144615812002172772e+00
3.200000000000000000e+02 5.463091363860863581e-01 9.578437499953929013e-01
3.210000000000000000e+02 5.667769122879456889e-01 9.801058677083628323e-01
3.220000000000000000e+02 5.262540020962436227e-01 1.086133254323028652e+00
3.230000000000000000e+02 5.875107037900674234e-01 1.107283910115559822e+00
3.240000000000000000e+02 4.814162288256396693e-01 1.351630917493847894e+00
3.250000000000000000e+02 4.739250065168403303e-01 1.133285749361710781e+00
3.260000000000000000e+02 5.682058859760118485e-01 1.070429376933885735e+00
3.270000000000000000e+02 6.093156852988765859e-01 2.140796173021989102e+00
3.280000000000000000e+02 4.829181122659432779e-01 9.806707170274522323e-01
3.290000000000000000e+02 5.345867482880644062e-01 1.079861514234312425e+00
3.300000000000000000e+02 5.358341743420941272e-01 1.107566673398593826e+00
3.310000000000000000e+02 4.872861337171842111e-01 9.325991080003084299e-01
3.320000000000000000e+02 5.479598723045767672e-01 9.579253835954527618e-01
3.330000000000000000e+02 4.839058974131766333e-01 1.011834222913364334e+00
3.340000000000000000e+02 4.459303221379012916e-01 1.040703183786880537e+00
3.350000000000000000e+02 5.858205961759643809e-01 8.999110805815544456e-01
3.360000000000000000e+02 5.010579288389138686e-01 1.191850632861040538e+00
3.370000000000000000e+02 5.479062060407484669e-01 1.992778861004373292e+00
3.380000000000000000e+02 4.852850299878043172e-01 1.676554905619598301e+00
3.390000000000000000e+02 5.413812868778931087e-01 1.283326016532050140e+00
3.400000000000000000e+02 5.276724363956986075e-01 8.910377342343905882e-01
3.410000000000000000e+02 4.862862615422768875e-01 1.283170692010778158e+00
3.420000000000000000e+02 4.554747935976713458e-01 8.186870024400056955e-01
3.430000000000000000e+02 5.274177908514090518e-01 7.823667002184955255e-01
3.440000000000000000e+02 5.478427072036946566e-01 1.397967345472695078e+00
3.450000000000000000e+02 5.201973015009754286e-01 1.190886143325031732e+00
3.460000000000000000e+02 5.227390885353088157e-01 1.107625638805149748e+00
3.470000000000000000e+02 4.877797961235046387e-01 1.130437341865134115e+00
3.480000000000000000e+02 5.289046423994843149e-01 1.257649389442038412e+00
3.490000000000000000e+02 4.882157190509114342e-01 1.451742937023513091e+00
3.500000000000000000e+02 5.089711845016053893e-01 1.399489153986391843e+00
3.510000000000000000e+02 5.088231044662115954e-01 1.222396744622124665e+00
3.520000000000000000e+02 4.785706667285977156e-01 1.487950144182656809e+00
3.530000000000000000e+02 5.845994566059599107e-01 1.689023609898516520e+00
3.540000000000000000e+02 4.449150703275382424e-01 1.142219055677957673e+00
3.550000000000000000e+02 5.470052227240225218e-01 1.252262589436222484e+00
3.560000000000000000e+02 4.602692173274697263e-01 1.176456951288785246e+00
3.570000000000000000e+02 5.350322788139177943e-01 1.648164137550022224e+00
3.580000000000000000e+02 5.394208995389802030e-01 1.186974066467100908e+00
3.590000000000000000e+02 4.057938793464488936e-01 9.159406855486441623e-01
3.600000000000000000e+02 4.992886092325653502e-01 9.941002573943944487e-01
3.610000000000000000e+02 5.299067704417060876e-01 1.035793282559528405e+00
3.620000000000000000e+02 5.002531342139552306e-01 1.448985806985753744e+00
3.630000000000000000e+02 4.916160312304542757e-01 1.092952926953633552e+00
3.640000000000000000e+02 4.507777523061241576e-01 9.687782451150498408e-01
3.650000000000000000e+02 5.567377876821465454e-01 1.397743644345785574e+00
3.660000000000000000e+02 3.951008047225774145e-01 8.256556999280256770e-01
3.670000000000000000e+02 4.797834404983046808e-01 9.214884578317835695e-01
3.680000000000000000e+02 4.626172153335629256e-01 1.323048942906845049e+00
3.690000000000000000e+02 5.137927571312186359e-01 2.286442079405853534e+00
3.700000000000000000e+02 5.361983377335747258e-01 1.206834021397834800e+00
3.710000000000000000e+02 4.245572146354643639e-01 1.462088396007888091e+00
3.720000000000000000e+02 5.066594975650119403e-01 1.197846047544248949e+00
3.730000000000000000e+02 4.821067856314380506e-01 1.415033287472195145e+00
3.740000000000000000e+02 4.968846618677630333e-01 8.696575711890695004e-01
3.750000000000000000e+02 4.687065734970375930e-01 7.731425531820398378e-01
3.760000000000000000e+02 4.672623280603135920e-01 8.680961368164578085e-01
3.770000000000000000e+02 4.562124497535768874e-01 1.296754938392823409e+00
3.780000000000000000e+02 4.775860581704863272e-01 1.068445250607918950e+00
3.790000000000000000e+02 4.821598490462177256e-01 9.539781042919066589e-01
3.800000000000000000e+02 5.092253579801722108e-01 1.015265082391563878e+00
3.810000000000000000e+02 4.313094948993134725e-01 9.982837271575190075e-01
3.820000000000000000e+02 4.631137230776798397e-01 1.312249928856817460e+00
3.830000000000000000e+02 4.792167790644713543e-01 1.015197780397203209e+00
3.840000000000000000e+02 4.309608982356728513e-01 1.029855468422894216e+00
3.850000000000000000e+02 4.660360146315092322e-01 9.628290093463399701e-01
3.860000000000000000e+02 4.683930048653167089e-01 1.018649522233124438e+00
3.870000000000000000e+02 4.571027393744449552e-01 1.465682842881207204e+00
3.880000000000000000e+02 4.617883352650012929e-01 1.377321243286132812e+00
3.890000000000000000e+02 5.218604335068288691e-01 1.315210724798377528e+00
3.900000000000000000e+02 4.530646706907260901e-01 1.167330337607342283e+00
3.910000000000000000e+02 4.559310914586022778e-01 1.145438446514848385e+00
3.920000000000000000e+02 4.724523111554970733e-01 1.235656978427499997e+00
3.930000000000000000e+02 4.604386696309754612e-01 1.155910382524204749e+00
3.940000000000000000e+02 4.527019226425732512e-01 1.005555732814586101e+00
3.950000000000000000e+02 4.550617037019975553e-01 1.353963530581930419e+00
3.960000000000000000e+02 4.813335192131365514e-01 1.198172554301754955e+00
3.970000000000000000e+02 4.845905680780237534e-01 8.676851671099087282e-01
3.980000000000000000e+02 4.495373235344317098e-01 9.228731405331892512e-01
3.990000000000000000e+02 4.650225670484267604e-01 9.695190364036007091e-01
4.000000000000000000e+02 4.568408601562777283e-01 9.485772087954092990e-01
4.010000000000000000e+02 4.698098393791456107e-01 9.269317474918089550e-01
4.020000000000000000e+02 4.631734777926714841e-01 1.206712164740631588e+00
4.030000000000000000e+02 5.118116639381231625e-01 9.163923010158078197e-01
4.040000000000000000e+02 4.190134405330245837e-01 1.158136654015324618e+00
4.050000000000000000e+02 4.608541903278561280e-01 9.891171000429973548e-01
4.060000000000000000e+02 4.344912727534600005e-01 1.140789055018033293e+00
4.070000000000000000e+02 4.990359066530715704e-01 1.202262202898661370e+00
4.080000000000000000e+02 4.375842654921515695e-01 8.481088928554368911e-01
4.090000000000000000e+02 4.227273933311752607e-01 1.180769246557484609e+00
4.100000000000000000e+02 4.601799240914375422e-01 1.066850593124610835e+00
4.110000000000000000e+02 4.565089116945411085e-01 8.043095547219981656e-01
4.120000000000000000e+02 4.370469837135057545e-01 1.040442553119383051e+00
4.130000000000000000e+02 5.133044603581867760e-01 1.311287661105538405e+00
4.140000000000000000e+02 4.542384586400455837e-01 1.106367517784597743e+00
4.150000000000000000e+02 4.249859532934293083e-01 1.141715930855792482e+00
4.160000000000000000e+02 4.601350359929599065e-01 8.095938681404372117e-01
4.170000000000000000e+02 3.885233794078207237e-01 9.368512302205183051e-01
4.180000000000000000e+02 4.597818957901031456e-01 1.042884000833483649e+00
4.190000000000000000e+02 4.742696935078944964e-01 1.167103207053769687e+00
4.200000000000000000e+02 5.558857119294128291e-01 1.099644325781559573e+00
4.210000000000000000e+02 3.943179442184914230e-01 2.220829931434225912e+00
4.220000000000000000e+02 5.239645464855533508e-01 1.111137496100531585e+00
4.230000000000000000e+02 4.237552814260877598e-01 8.332869574643563260e-01
4.240000000000000000e+02 4.271995723057643857e-01 7.533909715892036507e-01
4.250000000000000000e+02 4.323740559567209041e-01 1.113940423813418956e+00
4.260000000000000000e+02 4.422716505970306078e-01 8.815432539308704074e-01
4.270000000000000000e+02 4.238800532890088513e-01 1.022352383332552073e+00
4.280000000000000000e+02 5.031240629421552812e-01 9.831545468113848107e-01
4.290000000000000000e+02 4.018845869481620370e-01 9.765098394403135540e-01
4.300000000000000000e+02 4.115561133700975649e-01 7.950451791574413285e-01
4.310000000000000000e+02 4.755918233081548041e-01 8.750142118205195274e-01
4.320000000000000000e+02 4.302961881568960756e-01 1.213757146383829255e+00
4.330000000000000000e+02 4.772383352114387689e-01 1.067632630827346274e+00
4.340000000000000000e+02 4.355379329456117721e-01 1.682586918706479251e+00
4.350000000000000000e+02 3.819544941528696391e-01 1.194833370222561530e+00
4.360000000000000000e+02 4.737749463359653967e-01 1.545422950228631187e+00
4.370000000000000000e+02 3.986508354093089013e-01 9.627109391677782790e-01
4.380000000000000000e+02 4.830797029078198190e-01 1.088913441856126374e+00
4.390000000000000000e+02 4.445150514142681697e-01 8.127346269174474669e-01
4.400000000000000000e+02 3.793662326584275601e-01 9.474201939532146399e-01
4.410000000000000000e+02 4.404148863270693770e-01 2.014782027921814933e+00
4.420000000000000000e+02 4.172600168890508443e-01 1.342203103401810704e+00
4.430000000000000000e+02 4.311562077317050989e-01 1.026613268875269602e+00
4.440000000000000000e+02 4.247602758684064228e-01 1.167701022060597005e+00
4.450000000000000000e+02 4.441411630975930502e-01 1.156867110210916261e+00
4.460000000000000000e+02 4.316350771020157073e-01 1.192031887994296380e+00
4.470000000000000000e+02 4.310284354962828912e-01 1.188265447455327806e+00
4.480000000000000000e+02 4.470162155399203807e-01 1.142899028345006673e+00
4.490000000000000000e+02 4.561705029374916731e-01 1.696985816034142003e+00
4.500000000000000000e+02 3.897881995306230474e-01 8.984701120911012806e-01
4.510000000000000000e+02 4.292299777570396935e-01 9.681537018881903878e-01
4.520000000000000000e+02 4.352175751929451830e-01 1.099189951799917964e+00
4.530000000000000000e+02 4.638184680561610596e-01 1.202245712280273438e+00
4.540000000000000000e+02 4.270027662205159724e-01 1.022889227106951182e+00
4.550000000000000000e+02 3.807973572738082013e-01 1.032651927736070396e+00
4.560000000000000000e+02 3.865351019182590719e-01 1.194246804656613925e+00
4.570000000000000000e+02 3.900696286147047331e-01 1.089495929542946939e+00
4.580000000000000000e+02 4.632652493258425097e-01 1.238241985800185629e+00
4.590000000000000000e+02 4.095762740961872428e-01 1.035718728079582096e+00
4.600000000000000000e+02 3.843270039769134394e-01 7.918781854104304241e-01
4.610000000000000000e+02 4.255182318681362541e-01 9.583810539061320410e-01
4.620000000000000000e+02 4.133586215723749069e-01 1.090055702965040618e+00
4.630000000000000000e+02 4.543891092913664997e-01 1.175747254044537282e+00
4.640000000000000000e+02 3.783051084087352689e-01 1.282017793056469568e+00
4.650000000000000000e+02 4.549788610784822884e-01 1.101342852564825447e+00
4.660000000000000000e+02 4.350035777087042921e-01 9.680852636622921947e-01
4.670000000000000000e+02 3.983109401544957517e-01 9.598680463965963972e-01
4.680000000000000000e+02 4.403013009013551637e-01 2.012052357484753085e+00
4.690000000000000000e+02 4.257382007130089407e-01 9.513131973248173390e-01
4.700000000000000000e+02 4.017770966195096660e-01 1.426395952989513827e+00
4.710000000000000000e+02 3.608784334945921990e-01 1.020260793575342051e+00
4.720000000000000000e+02 4.003252298940553344e-01 1.407489661433270589e+00
4.730000000000000000e+02 4.483992893363913934e-01 1.189501880447645599e+00
4.740000000000000000e+02 3.631803461817200152e-01 1.056823609531789554e+00
4.750000000000000000e+02 4.366375090932344549e-01 9.083789938313949763e-01
4.760000000000000000e+02 4.083503722840716721e-01 1.038363006379869224e+00
4.770000000000000000e+02 4.346529705845728619e-01 1.820429314737734616e+00
4.780000000000000000e+02 4.066449129949826768e-01 1.109192954745269688e+00
4.790000000000000000e+02 3.761239556531003614e-01 1.051944641675350178e+00
4.800000000000000000e+02 4.418986581548379200e-01 9.199619258659473831e-01
4.810000000000000000e+02 3.676238434874359862e-01 8.985311201805077364e-01
4.820000000000000000e+02 3.881952076247244254e-01 7.798999680413140068e-01
4.830000000000000000e+02 3.953452604137049353e-01 1.119273531840043301e+00
4.840000000000000000e+02 3.935887605075283346e-01 1.299333652436445385e+00
4.850000000000000000e+02 4.290210626492596546e-01 9.798743552055911854e-01
4.860000000000000000e+02 4.400941354381309734e-01 1.411496928348633384e+00
4.870000000000000000e+02 4.014928832349151100e-01 9.213142003414135361e-01
4.880000000000000000e+02 4.142876492730748761e-01 9.633596680590496009e-01
4.890000000000000000e+02 4.169166852103254883e-01 1.180582151896711673e+00
4.900000000000000000e+02 4.038647022377195306e-01 9.362646197351280897e-01
4.910000000000000000e+02 4.349025664681953618e-01 1.127092537672623296e+00
4.920000000000000000e+02 4.095639957197534931e-01 8.800323331989527986e-01
4.930000000000000000e+02 4.285455361298217691e-01 1.053229554839756110e+00
4.940000000000000000e+02 4.059661519816059050e-01 1.422866169381256762e+00
4.950000000000000000e+02 3.939274115598896953e-01 8.804920278309623649e-01
4.960000000000000000e+02 3.790453515944491314e-01 9.848432886427727073e-01
4.970000000000000000e+02 4.365058207671404511e-01 1.132760049064378327e+00
4.980000000000000000e+02 3.789045035022579055e-01 1.339817072458313385e+00
4.990000000000000000e+02 4.191640540079236699e-01 8.350529307904450693e-01
5.000000000000000000e+02 4.382708301852561439e-01 1.353993994026368330e+00
5.010000000000000000e+02 3.795641062365249785e-01 1.239997287879243570e+00
5.020000000000000000e+02 4.497972145301591396e-01 9.312643866608107945e-01
5.030000000000000000e+02 4.247965006957049594e-01 8.159025187653620170e-01
5.040000000000000000e+02 3.985322692015247914e-01 1.189390710010620689e+00
5.050000000000000000e+02 3.677964326719373456e-01 1.520127658106854573e+00
5.060000000000000000e+02 4.034624432266119554e-01 1.162842333604748202e+00
5.070000000000000000e+02 3.809927723786754039e-01 1.009597219706733551e+00
5.080000000000000000e+02 3.703461883947102851e-01 1.298753137173859873e+00
5.090000000000000000e+02 3.942893995014034036e-01 1.147709206106582114e+00
5.100000000000000000e+02 4.356241105335006969e-01 1.217395587819785963e+00
5.110000000000000000e+02 3.781749110344908016e-01 1.078069256699603518e+00
5.120000000000000000e+02 4.057781685875950228e-01 1.158705933082506911e+00
5.130000000000000000e+02 3.603571311764445229e-01 1.095343802862121185e+00
5.140000000000000000e+02 3.674286084404490005e-01 1.043126473680210609e+00
5.150000000000000000e+02 3.900649729770777063e-01 2.142733640716847798e+00
5.160000000000000000e+02 3.778493860454270603e-01 1.885976306482213705e+00
5.170000000000000000e+02 4.536049492776969005e-01 9.990234369241096646e-01
5.180000000000000000e+02 3.528547985950979404e-01 1.386089831734625077e+00
5.190000000000000000e+02 4.080097314083214743e-01 1.240798756696175786e+00
5.200000000000000000e+02 4.125914582688932075e-01 1.146031888786721353e+00
5.210000000000000000e+02 3.777648087387299736e-01 9.347132945406264604e-01
5.220000000000000000e+02 4.081189506142790524e-01 1.222371761349664299e+00
5.230000000000000000e+02 3.869924199793816633e-01 1.362457389416901865e+00
5.240000000000000000e+02 3.939059889688731886e-01 1.170153722670919105e+00
5.250000000000000000e+02 3.959234478046195771e-01 1.484558600734397382e+00
5.260000000000000000e+02 3.528216277863051586e-01 9.524691047299886915e-01
5.270000000000000000e+02 3.974720895892441819e-01 1.041398574764601959e+00
5.280000000000000000e+02 3.510715770376456879e-01 1.080931324889694345e+00
5.290000000000000000e+02 3.597970273453705570e-01 9.842636498852052052e-01
5.300000000000000000e+02 3.865938323931771281e-01 1.011205573012863290e+00
5.310000000000000000e+02 3.884630527474311479e-01 1.545310207035230476e+00
5.320000000000000000e+02 4.073824512988630242e-01 9.322396706843721903e-01
5.330000000000000000e+02 3.577157455517555040e-01 1.013868224793586181e+00
5.340000000000000000e+02 3.759152872002776147e-01 1.118161633394766596e+00
5.350000000000000000e+02 4.179601204949756066e-01 8.058306341585905752e-01
5.360000000000000000e+02 3.864435869635957643e-01 1.051117140889743728e+00
5.370000000000000000e+02 4.233169512925040734e-01 1.104597660654409008e+00
5.380000000000000000e+02 3.242554897884534215e-01 1.080056599372826831e+00
5.390000000000000000e+02 4.312900751734205507e-01 1.094852419867031745e+00
5.400000000000000000e+02 4.267591590231115117e-01 1.081060590375448660e+00
5.410000000000000000e+02 3.628843435581492471e-01 1.037016421700445390e+00
5.420000000000000000e+02 3.110722987837730158e-01 1.141704931351297692e+00
5.430000000000000000e+02 3.974072755702782178e-01 1.143752664759539073e+00
5.440000000000000000e+02 3.953459507893437586e-01 1.185256364840816090e+00
5.450000000000000000e+02 3.571121240354547810e-01 9.394668703493864736e-01
5.460000000000000000e+02 3.845788884614826930e-01 1.105544822803442129e+00
5.470000000000000000e+02 3.696358888562829015e-01 9.386896793393121330e-01
5.480000000000000000e+02 3.669310256120092983e-01 9.415010714876479447e-01
5.490000000000000000e+02 4.401873517969642213e-01 9.674131887546484343e-01
5.500000000000000000e+02 3.575023519039609576e-01 1.738505841453294343e+00
5.510000000000000000e+02 3.478204371083044588e-01 2.324190757124896312e+00
5.520000000000000000e+02 4.066400523881437135e-01 9.629377086381405437e-01
5.530000000000000000e+02 3.834540721292447607e-01 1.018943570086345618e+00
5.540000000000000000e+02 3.977296115261565457e-01 1.064559256397007658e+00
5.550000000000000000e+02 3.430039640557580038e-01 1.021457004086406828e+00
5.560000000000000000e+02 3.939457398742275962e-01 7.906733682190162371e-01
5.570000000000000000e+02 4.282820986197533042e-01 1.169792645219443594e+00
5.580000000000000000e+02 3.425637322575015298e-01 1.311339206741627850e+00
5.590000000000000000e+02 3.249971053143829725e-01 1.019348036263875823e+00
5.600000000000000000e+02 4.280904925013849227e-01 1.030639882248956862e+00
5.610000000000000000e+02 4.020868423506119282e-01 1.173204451485577504e+00
5.620000000000000000e+02 3.670609254922863607e-01 1.173681487207827390e+00
5.630000000000000000e+02 3.574926579082114975e-01 1.195218402406443614e+00
5.640000000000000000e+02 4.225831395297339199e-01 2.498254287646012539e+00
5.650000000000000000e+02 3.331229092613189890e-01 9.968115108600561491e-01
5.660000000000000000e+02 3.785114284247568239e-01 9.567988085861943715e-01
5.670000000000000000e+02 3.668586374202629785e-01 1.029895582060883052e+00
5.680000000000000000e+02 4.528002260634381715e-01 1.122123745328562183e+00
5.690000000000000000e+02 3.113435078821732427e-01 1.171524213707965334e+00
5.700000000000000000e+02 3.856173306561154202e-01 1.536605878728599439e+00
5.710000000000000000e+02 3.834467125715166902e-01 1.054623356187976979e+00
5.720000000000000000e+02 3.529269216262330700e-01 1.019087409051720128e+00
5.730000000000000000e+02 3.477651774978212096e-01 1.311626772949661124e+00
5.740000000000000000e+02 3.673550110973723970e-01 9.053308583688044475e-01
5.750000000000000000e+02 4.097411224809031638e-01 1.126981397181893385e+00
5.760000000000000000e+02 3.597286180464011607e-01 1.563276741239759682e+00
5.770000000000000000e+02 3.511666327810747390e-01 9.655815622080927696e-01
5.780000000000000000e+02 4.019426804299306433e-01 9.876732780161686653e-01
5.790000000000000000e+02 3.484890607273780083e-01 1.096463080189654216e+00
5.800000000000000000e+02 3.919460694476197826e-01 1.073723817793067470e+00
5.810000000000000000e+02 3.776459742234215544e-01 1.140873239236177561e+00
5.820000000000000000e+02 3.395280305356074835e-01 9.873836063532437368e-01
5.830000000000000000e+02 3.600997180499211914e-01 9.219398878622746540e-01
5.840000000000000000e+02 4.081898744402892021e-01 1.062648651104618480e+00
5.850000000000000000e+02 2.901722240140385822e-01 9.614113379215848409e-01
5.860000000000000000e+02 4.007309459793070294e-01 1.073573402736498039e+00
5.870000000000000000e+02 3.366441896820797641e-01 8.956738428217201342e-01
5.880000000000000000e+02 3.331300724498327259e-01 1.077725579773170406e+00
5.890000000000000000e+02 3.532091721906598369e-01 1.050358990540251058e+00
5.900000000000000000e+02 3.745881150049098496e-01 1.116106343154170011e+00
5.910000000000000000e+02 3.786928780844500686e-01 1.316128892023206376e+00
5.920000000000000000e+02 3.770220627181656847e-01 1.000845330924803545e+00
5.930000000000000000e+02 3.767185460689456145e-01 1.419477025091935962e+00
5.940000000000000000e+02 3.472563782270716715e-01 1.075439456580341790e+00
5.950000000000000000e+02 3.616456139349717436e-01 9.978177927542424275e-01
5.960000000000000000e+02 3.510555902952295915e-01 1.186857847775814045e+00
5.970000000000000000e+02 3.729200936039757108e-01 1.080461007961328379e+00
5.980000000000000000e+02 3.720079170894227683e-01 1.992102696699796560e+00
5.990000000000000000e+02 3.353972692100741226e-01 9.408461356508559525e-01
6.000000000000000000e+02 3.755567252408094636e-01 1.071117694827093514e+00
6.010000000000000000e+02 3.684668515415167600e-01 1.144148010562583417e+00
6.020000000000000000e+02 3.502800075343818209e-01 1.058707638063292489e+00
6.030000000000000000e+02 3.889728755962968965e-01 9.740990797678629187e-01
6.040000000000000000e+02 3.264113196701865505e-01 1.173761444967150069e+00
6.050000000000000000e+02 3.404813366554921839e-01 1.046275281099881438e+00
6.060000000000000000e+02 3.435568881285498422e-01 1.051769526684341871e+00
6.070000000000000000e+02 3.335175826295844748e-01 1.173948809144577554e+00
6.080000000000000000e+02 3.356418230776461731e-01 8.632218958674997555e-01
6.090000000000000000e+02 3.898788810953587869e-01 1.988894259872068027e+00
6.100000000000000000e+02 3.430593564047787480e-01 1.274868119741983552e+00
6.110000000000000000e+02 3.127508964763396904e-01 1.218712892509312917e+00
6.120000000000000000e+02 3.816809718606577473e-01 9.537643292099957648e-01
6.130000000000000000e+02 4.139657656680857944e-01 1.077790276439869466e+00
6.140000000000000000e+02 3.562617078732062126e-01 1.133919460186059824e+00
6.150000000000000000e+02 3.579630841966570109e-01 1.170755576972224210e+00
6.160000000000000000e+02 3.279414578820719628e-01 1.450909882927862382e+00
6.170000000000000000e+02 3.902568870083312214e-01 1.421562106137114423e+00
6.180000000000000000e+02 3.033534774889646846e-01 1.105645247703589185e+00
6.190000000000000000e+02 3.703998657463841715e-01 1.200992063047805258e+00
6.200000000000000000e+02 3.683941907072264543e-01 1.432160415511200435e+00
6.210000000000000000e+02 4.394572183475558003e-01 1.143982009035377612e+00
6.220000000000000000e+02 3.148921075643915102e-01 1.042689749584105874e+00
6.230000000000000000e+02 3.098480326569731935e-01 1.097624664145391282e+00
6.240000000000000000e+02 3.398540154806782843e-01 1.362473976208967930e+00
6.250000000000000000e+02 4.235871447883391983e-01 1.078884573950283698e+00
6.260000000000000000e+02 3.110247361798619270e-01 9.648432305469605286e-01
6.270000000000000000e+02 3.686047046624048584e-01 1.093802673229272715e+00
6.280000000000000000e+02 3.924756454278344742e-01 1.129157838038200357e+00
6.290000000000000000e+02 3.504662714012182767e-01 9.968175300653430160e-01
6.300000000000000000e+02 3.822568221223623941e-01 1.056658581835060229e+00
6.310000000000000000e+02 3.287789067535689114e-01 1.051442388751080648e+00
6.320000000000000000e+02 3.501837169913233905e-01 1.243956761659631427e+00
6.330000000000000000e+02 3.433938615069187517e-01 1.135980899783148201e+00
6.340000000000000000e+02 3.345643900184318009e-01 1.177604459910001067e+00
6.350000000000000000e+02 3.688176015867249413e-01 1.059540201500418055e+00
6.360000000000000000e+02 3.183195043702600757e-01 1.077386181711574631e+00
6.370000000000000000e+02 3.729093654514992195e-01 1.242919937999928059e+00
6.380000000000000000e+02 3.233383638088149215e-01 8.937735995232770625e-01
6.390000000000000000e+02 3.527388774254930359e-01 1.286108188007188957e+00
6.400000000000000000e+02 3.373168261140803148e-01 8.683866774978269421e-01
6.410000000000000000e+02 3.053676062193825258e-01 1.017347171686697749e+00
6.420000000000000000e+02 3.782126053992104775e-01 1.070565144220988030e+00
6.430000000000000000e+02 3.518850563615081306e-01 1.036746269838821455e+00
6.440000000000000000e+02 3.939383944327181086e-01 1.147533721394009110e+00
6.450000000000000000e+02 3.131098944681825480e-01 1.230042191519253425e+00
6.460000000000000000e+02 3.242431982147573333e-01 2.060966297048301588e+00
6.470000000000000000e+02 3.754008439704467071e-01 9.746453485627105673e-01
6.480000000000000000e+02 3.142288532575227000e-01 1.506204653477323241e+00
6.490000000000000000e+02 3.274606064118636972e-01 9.998174260779855160e-01
6.500000000000000000e+02 3.323464217511090113e-01 1.445481569870658456e+00
6.510000000000000000e+02 3.385958374733376575e-01 1.262361808675498853e+00
6.520000000000000000e+02 3.550658403554893816e-01 1.041546439203087315e+00
6.530000000000000000e+02 3.065058058919933881e-01 1.283017953812788159e+00
6.540000000000000000e+02 3.903344976892425544e-01 1.200892675901956697e+00
6.550000000000000000e+02 3.010554590610542425e-01 1.114367497715972988e+00
6.560000000000000000e+02 3.688783646389419690e-01 9.837921679307872758e-01
6.570000000000000000e+02 3.483164577622366309e-01 1.001496562635265208e+00
6.580000000000000000e+02 3.456211654328738003e-01 1.030476945609862138e+00
6.590000000000000000e+02 2.983993016734383663e-01 1.158536344334699209e+00
6.600000000000000000e+02 3.971073104426114386e-01 1.281760002679871002e+00
6.610000000000000000e+02 3.407456917476410774e-01 9.651485744881744822e-01
6.620000000000000000e+02 3.439202015710413618e-01 1.173302844526687094e+00
6.630000000000000000e+02 3.130587187379297309e-01 1.111215208463622650e+00
6.640000000000000000e+02 3.767022632724656428e-01 1.376735031892712069e+00
6.650000000000000000e+02 3.878349608659516501e-01 1.071767136670541021e+00
6.660000000000000000e+02 2.865698578707843169e-01 1.126968201807731607e+00
6.670000000000000000e+02 3.047075512094761796e-01 1.429417413213978749e+00
6.680000000000000000e+02 3.595222427553338984e-01 1.045519968737726568e+00
6.690000000000000000e+02 3.723982770984512469e-01 1.182067664349136793e+00
6.700000000000000000e+02 3.112723404774813130e-01 1.880551398088390780e+00
6.710000000000000000e+02 3.185227502724365389e-01 1.031095367698853682e+00
6.720000000000000000e+02 3.481670931745919906e-01 8.947607042348902917e-01
6.730000000000000000e+02 3.416770111129741605e-01 1.060238921124002198e+00
6.740000000000000000e+02 3.412576719012447302e-01 1.189549026857827707e+00
6.750000000000000000e+02 2.959304301933939896e-01 1.092207492837583338e+00
6.760000000000000000e+02 3.422927127432466299e-01 1.194936927965873696e+00
6.770000000000000000e+02 3.261446035299456203e-01 1.072464388925672196e+00
6.780000000000000000e+02 3.377859869378939117e-01 1.027494763406578526e+00
6.790000000000000000e+02 3.377408417936873519e-01 1.391818887369644209e+00
6.800000000000000000e+02 3.344712826338681055e-01 2.452470424670528004e+00
6.810000000000000000e+02 3.157916158276327101e-01 1.799154486633153249e+00
6.820000000000000000e+02 3.514953127956269019e-01 1.200218585954196282e+00
6.830000000000000000e+02 3.090072759599509222e-01 1.140204662286141035e+00
6.840000000000000000e+02 3.592095755066754825e-01 1.218472234292882650e+00
6.850000000000000000e+02 2.865816473619084981e-01 1.053974529971247076e+00
6.860000000000000000e+02 3.421498066767950652e-01 1.179655004814627040e+00
6.870000000000000000e+02 3.352913092032630549e-01 9.865716661232105666e-01
6.880000000000000000e+02 3.266396504793903088e-01 1.256167729695637947e+00
6.890000000000000000e+02 3.270144063715982874e-01 1.753523821991998854e+00
6.900000000000000000e+02 3.169497448040748400e-01 1.333419863152619067e+00
6.910000000000000000e+02 3.042411896103162650e-01 9.525127312987322625e-01
6.920000000000000000e+02 3.519945890993098070e-01 1.328241958710306481e+00
6.930000000000000000e+02 3.604891048794758857e-01 1.201780898559496658e+00
6.940000000000000000e+02 3.603616692375020136e-01 1.088281842821462231e+00
6.950000000000000000e+02 3.219954654664589078e-01 1.067798279333805667e+00
6.960000000000000000e+02 3.544483150635300284e-01 1.196676365995176683e+00
6.970000000000000000e+02 2.982968042974602496e-01 1.030419385375608066e+00
6.980000000000000000e+02 3.556853981677344234e-01 1.203204361136984701e+00
6.990000000000000000e+02 3.209018997655775918e-01 1.319544393659213943e+00
7.000000000000000000e+02 3.250588501722579404e-01 1.104937368544979481e+00
7.010000000000000000e+02 3.293666291783743927e-01 1.082060754011218595e+00
7.020000000000000000e+02 3.086986457676825224e-01 1.175931758350796219e+00
7.030000000000000000e+02 3.714338489287444256e-01 1.225050591040348635e+00
7.040000000000000000e+02 2.867314945781789248e-01 9.828671349419487724e-01
7.050000000000000000e+02 3.244477716666492317e-01 1.235359810400700198e+00
7.060000000000000000e+02 3.317285658030344475e-01 1.369734635099696618e+00
7.070000000000000000e+02 3.355877967198284684e-01 1.151868580620069915e+00
7.080000000000000000e+02 3.130256675466225880e-01 1.285727802682038012e+00
7.090000000000000000e+02 3.233357483925201059e-01 1.491329543256529222e+00
7.100000000000000000e+02 2.919292003913228073e-01 1.082814978516620119e+00
7.110000000000000000e+02 3.708380237815105951e-01 1.121181972360841383e+00
7.120000000000000000e+02 3.070250253040876509e-01 1.150697263542580728e+00
7.130000000000000000e+02 3.500481987880574297e-01 1.108901851994979815e+00
7.140000000000000000e+02 2.896605175026137347e-01 9.484752082594350986e-01
7.150000000000000000e+02 3.764860154036732132e-01 1.443168850912563972e+00
7.160000000000000000e+02 2.828656969536790244e-01 1.206976578431429026e+00
7.170000000000000000e+02 3.470754238897617028e-01 1.183816628755578693e+00
7.180000000000000000e+02 3.691555535424929091e-01 1.066818832775245030e+00
7.190000000000000000e+02 3.121867714299635943e-01 1.202792214886577726e+00
7.200000000000000000e+02 2.776573642153161159e-01 1.341276647963961510e+00
7.210000000000000000e+02 3.880826510719221356e-01 1.163976381942269933e+00
7.220000000000000000e+02 3.234490354033023873e-01 1.831209014579293859e+00
7.230000000000000000e+02 3.617604554705879383e-01 1.320008139679397452e+00
7.240000000000000000e+02 2.916106179808125587e-01 1.359950371986426099e+00
7.250000000000000000e+02 3.427060269274512239e-01 1.017934203147888184e+00
7.260000000000000000e+02 3.046488912859780518e-01 1.239930505337922373e+00
7.270000000000000000e+02 3.470612602387312950e-01 1.121487756858125406e+00
7.280000000000000000e+02 2.721897905782059701e-01 1.171254221367951098e+00
7.290000000000000000e+02 3.013179485833580307e-01 1.093854839675092450e+00
7.300000000000000000e+02 3.108296898775474437e-01 1.103733663973601065e+00
7.310000000000000000e+02 2.885989502817629671e-01 1.038233941303934982e+00
7.320000000000000000e+02 2.998517183116590212e-01 1.155779509152767170e+00
7.330000000000000000e+02 3.260501116542688371e-01 1.023449673168901120e+00
7.340000000000000000e+02 3.314587637734183190e-01 1.123592658319334969e+00
7.350000000000000000e+02 3.399600963851417967e-01 1.265385078347247561e+00
7.360000000000000000e+02 3.113951342905065811e-01 1.266735830744683433e+00
7.370000000000000000e+02 3.410465182981585186e-01 1.056635363666331706e+00
7.380000000000000000e+02 2.961092850927150577e-01 1.238068925009833343e+00
7.390000000000000000e+02 3.217975856126892853e-01 1.018282276420777510e+00
7.400000000000000000e+02 3.176902198096527852e-01 1.186822918878085442e+00
7.410000000000000000e+02 2.908329342003803664e-01 1.221964687540911143e+00
7.420000000000000000e+02 3.382108523087067886e-01 1.417210356624805989e+00
7.430000000000000000e+02 3.305960911100326305e-01 1.141417267241915612e+00
7.440000000000000000e+02 2.801876606808981207e-01 1.131701197025280603e+00
7.450000000000000000e+02 3.368346473904087479e-01 1.280249277750651116e+00
7.460000000000000000e+02 2.742519699637583908e-01 1.186990714879427644e+00
7.470000000000000000e+02 3.270191698513849610e-01 1.108674297010265208e+00
7.480000000000000000e+02 3.039525754965386461e-01 1.053290537589989917e+00
7.490000000000000000e+02 3.194117365085115123e-01 1.478247626392161784e+00
7.500000000000000000e+02 3.261795593515469660e-01 1.264642100403274405e+00
7.510000000000000000e+02 3.444135239479517718e-01 1.140784473810794841e+00
7.520000000000000000e+02 2.909681357920416711e-01 1.116036696134558026e+00
7.530000000000000000e+02 3.602286677863347775e-01 9.571795797578378506e-01
7.540000000000000000e+02 2.813236181448887652e-01 1.182923539249217448e+00
7.550000000000000000e+02 3.202795775661131383e-01 1.225294649313037443e+00
7.560000000000000000e+02 3.429066136066379888e-01 1.204335123444524980e+00
7.570000000000000000e+02 3.114190724633536522e-01 1.034717110620028802e+00
7.580000000000000000e+02 2.769613491013796502e-01 1.382796243768959155e+00
7.590000000000000000e+02 3.237933003059154102e-01 1.206049012677105070e+00
7.600000000000000000e+02 2.865176577027264138e-01 1.496761000674703856e+00
7.610000000000000000e+02 3.217051810768615794e-01 1.670436933996596762e+00
7.620000000000000000e+02 3.475928040917473649e-01 1.062127822839119551e+00
7.630000000000000000e+02 2.697546831520807320e-01 1.407212653597771812e+00
7.640000000000000000e+02 3.296188743450946257e-01 1.198438236678855962e+00
7.650000000000000000e+02 2.858620695235737363e-01 9.765407365301380649e-01
7.660000000000000000e+02 2.925411405963729283e-01 1.259370578084014980e+00
7.670000000000000000e+02 3.533115484705773301e-01 1.145053233501415857e+00
7.680000000000000000e+02 3.366761103381621378e-01 1.228105199509772705e+00
7.690000000000000000e+02 2.705905033111116742e-01 1.376472496756033115e+00
7.700000000000000000e+02 3.551503920358668465e-01 1.331945679038043284e+00
7.710000000000000000e+02 2.580105407219944746e-01 9.893397495942415354e-01
7.720000000000000000e+02 3.460023904272081507e-01 1.057889944113395098e+00
7.730000000000000000e+02 3.043572461388603934e-01 1.113393382749695792e+00
7.740000000000000000e+02 3.203009227186906505e-01 1.169949140525670339e+00
7.750000000000000000e+02 3.590596512870389834e-01 1.443313587115006680e+00
7.760000000000000000e+02 2.972952205688947913e-01 1.102620557310500571e+00
7.770000000000000000e+02 3.163968999224812118e-01 9.441399919813957542e-01
7.780000000000000000e+02 3.013261872710603639e-01 1.134245205616605467e+00
7.790000000000000000e+02 3.185638385845924181e-01 1.333835875930417636e+00
7.800000000000000000e+02 2.981290348341754104e-01 1.092256399744374828e+00
7.810000000000000000e+02 3.549292535111949198e-01 1.033412833144699228e+00
7.820000000000000000e+02 2.795509019354491809e-01 1.178348909829549651e+00
7.830000000000000000e+02 3.336280617280232841e-01 1.127490361531575447e+00
7.840000000000000000e+02 3.197959547458313345e-01 1.155594795798333907e+00
7.850000000000000000e+02 3.130755788931126049e-01 1.182655600533969231e+00
7.860000000000000000e+02 3.136029133591989315e-01 1.134720174586715258e+00
7.870000000000000000e+02 3.218158201052527811e-01 1.271124608274819101e+00
7.880000000000000000e+02 3.127932394764232904e-01 1.034150850945624756e+00
7.890000000000000000e+02 3.097587830703628642e-01 1.217616399129231697e+00
7.900000000000000000e+02 3.155142848100127573e-01 1.428204276135578210e+00
7.910000000000000000e+02 2.870776340360662870e-01 1.126366208716867101e+00
7.920000000000000000e+02 3.061522364488222236e-01 1.413882072421087654e+00
7.930000000000000000e+02 3.301197818583385124e-01 1.086355362537402502e+00
7.940000000000000000e+02 3.146470996197259784e-01 1.030996126829138104e+00
7.950000000000000000e+02 2.981844997142066855e-01 9.373057239873398006e-01
7.960000000000000000e+02 2.863523540849250981e-01 1.122489717271592857e+00
7.970000000000000000e+02 3.035174979288018382e-01 1.075764498848845951e+00
7.980000000000000000e+02 3.192023570777201003e-01 1.079282387443210700e+00
7.990000000000000000e+02 3.496325063682658163e-01 1.997206901006652435e+00
8.000000000000000000e+02 2.851871834292309948e-01 1.166577712349269769e+00
8.010000000000000000e+02 3.181726297742814014e-01 1.154094098270803226e+00
8.020000000000000000e+02 3.028570142244981223e-01 1.622718949248825204e+00
8.030000000000000000e+02 3.108626700161596368e-01 1.221273622075140786e+00
8.040000000000000000e+02 2.942929608725407542e-01 1.208470874362521652e+00
8.050000000000000000e+02 3.115057717971127516e-01 1.180523390931207839e+00
8.060000000000000000e+02 3.150926704575394699e-01 1.225319336001999604e+00
8.070000000000000000e+02 3.081718924253296077e-01 1.270404530608135740e+00
8.080000000000000000e+02 2.948948452335210524e-01 1.045682764283700772e+00
8.090000000000000000e+02 2.895819617565287829e-01 1.052497568913703940e+00
8.100000000000000000e+02 3.032501609951457344e-01 1.269944724253410318e+00
8.110000000000000000e+02 3.052483280398504695e-01 1.168844108420293626e+00
8.120000000000000000e+02 3.025092486079690723e-01 1.244892004031489918e+00
8.130000000000000000e+02 2.840943238274617477e-01 1.225126828548412927e+00
8.140000000000000000e+02 3.050496845143784164e-01 1.151603486226952633e+00
8.150000000000000000e+02 2.704107432218826879e-01 1.010937764448819998e+00
8.160000000000000000e+02 3.276999131267562260e-01 1.054716936056164789e+00
8.170000000000000000e+02 3.158541939637584117e-01 1.169153801484960287e+00
8.180000000000000000e+02 2.706821025955938875e-01 1.079223132939730379e+00
8.190000000000000000e+02 3.274238790677051480e-01 1.059184808086081953e+00
8.200000000000000000e+02 3.219603287517257550e-01 1.086692403480050695e+00
8.210000000000000000e+02 2.653825265343837114e-01 1.198885590557890790e+00
8.220000000000000000e+02 3.169534584734614024e-01 1.224854170988147306e+00
8.230000000000000000e+02 2.946813712837058619e-01 1.152767658233642578e+00
8.240000000000000000e+02 3.008997210047461568e-01 1.054436519526053218e+00
8.250000000000000000e+02 2.741672392179920204e-01 1.001472284252516998e+00
8.260000000000000000e+02 2.963650746970618588e-01 1.045212583265442863e+00
8.270000000000000000e+02 3.110895033055864900e-01 1.478045539579529777e+00
8.280000000000000000e+02 3.130893520595504076e-01 1.157339424326799815e+00
8.290000000000000000e+02 2.723293976253595705e-01 1.142786202223404546e+00
8.300000000000000000e+02 2.881688204678622411e-01 1.341011392897453858e+00
8.310000000000000000e+02 3.256658175822431112e-01 1.002847239015183023e+00
8.320000000000000000e+02 3.100093666650414193e-01 1.168704649100557047e+00
8.330000000000000000e+02 2.981925520757536807e-01 1.096230061157889901e+00
8.340000000000000000e+02 2.468082157716359193e-01 1.324365038226767988e+00
8.350000000000000000e+02 3.285172486094513067e-01 1.104254835469711260e+00
8.360000000000000000e+02 2.966777394486777020e-01 1.056058475936668462e+00
8.370000000000000000e+02 3.535056745086972430e-01 1.077160251313361572e+00
8.380000000000000000e+02 3.002177848960989603e-01 1.152781749693091884e+00
8.390000000000000000e+02 2.764717065023653553e-01 1.013348057650137690e+00
8.400000000000000000e+02 2.796651123363943503e-01 9.349497700658973010e-01
8.410000000000000000e+02 3.254529695368071351e-01 1.409104294247097489e+00
8.420000000000000000e+02 2.971096279728450695e-01 1.024701616038446783e+00
8.430000000000000000e+02 3.160821685900389033e-01 1.279838899483427328e+00
8.440000000000000000e+02 2.570776678245477176e-01 1.164748964102371831e+00
8.450000000000000000e+02 2.874236131177733689e-01 1.615550621696140388e+00
8.460000000000000000e+02 3.643401224034422681e-01 1.269727040028226561e+00
8.470000000000000000e+02 2.437935256918132010e-01 1.173824882737680264e+00
8.480000000000000000e+02 2.999862288115875408e-01 1.206735217052957276e+00
8.490000000000000000e+02 2.812919739459342483e-01 1.411364530019713959e+00
8.500000000000000000e+02 2.866916502967025160e-01 1.172304880215925937e+00
8.510000000000000000e+02 2.984328600946346555e-01 1.136640168618464841e+00
8.520000000000000000e+02 3.238629199168073791e-01 1.361366199410479982e+00
8.530000000000000000e+02 3.198018043179704506e-01 1.103801985869661051e+00
8.540000000000000000e+02 2.472245792611156567e-01 1.113343758283605878e+00
8.550000000000000000e+02 2.909264289775483903e-01 1.251298930909898521e+00
8.560000000000000000e+02 3.269198255954831600e-01 1.221834057195175127e+00
8.570000000000000000e+02 2.809076530466644850e-01 1.052894436794778565e+00
8.580000000000000000e+02 2.647430899016784966e-01 1.326877991358439202e+00
8.590000000000000000e+02 3.000989405354635986e-01 1.241053097489951407e+00
8.600000000000000000e+02 3.013931587362183029e-01 1.083327081468370201e+00
8.610000000000000000e+02 2.984559598076381715e-01 1.106694892408767172e+00
8.620000000000000000e+02 2.564421828792292080e-01 1.220134223716846433e+00
8.630000000000000000e+02 3.233118109931849560e-01 1.010208091874053471e+00
8.640000000000000000e+02 3.018365888439496492e-01 1.001057362210923340e+00
8.650000000000000000e+02 3.007067002667491717e-01 1.323839787123859857e+00
8.660000000000000000e+02 2.614881134394443363e-01 1.121475144860825113e+00
8.670000000000000000e+02 2.981299757482748225e-01 1.005497286285179204e+00
8.680000000000000000e+02 2.932268396834468716e-01 1.407575580808851479e+00
8.690000000000000000e+02 2.622219929941976835e-01 1.265719930906802571e+00
8.700000000000000000e+02 2.765736413176707598e-01 1.086975577948749994e+00
8.710000000000000000e+02 3.272212621818784695e-01 1.214782214395089932e+00
8.720000000000000000e+02 2.719962399716329138e-01 1.078412385378482830e+00
8.730000000000000000e+02 2.447936327005883483e-01 1.173926591297278721e+00
8.740000000000000000e+02 2.920438638677943510e-01 1.192143748923776281e+00
8.750000000000000000e+02 2.842471824150376580e-01 1.120597899823948973e+00
8.760000000000000000e+02 3.048158274455504135e-01 1.058323848650651211e+00
8.770000000000000000e+02 2.610932106086295557e-01 1.234285281809127888e+00
8.780000000000000000e+02 2.856736849802396505e-01 1.249975874804068354e+00
8.790000000000000000e+02 2.780375574724842647e-01 9.854792448633534763e-01
8.800000000000000000e+02 2.716604636690729824e-01 1.263970763211089032e+00
8.810000000000000000e+02 2.961687637281174568e-01 1.363924841949905264e+00
8.820000000000000000e+02 3.123196808585090856e-01 1.329732066767227217e+00
8.830000000000000000e+02 3.169926112626304526e-01 1.346089151170518639e+00
8.840000000000000000e+02 2.808616414936760952e-01 1.029704396851396808e+00
8.850000000000000000e+02 2.703655415913905902e-01 1.135181737982708494e+00
8.860000000000000000e+02 2.807230125477843119e-01 1.047073797903199210e+00
8.870000000000000000e+02 3.301117439011130861e-01 1.080790747766909421e+00
8.880000000000000000e+02 2.621197886333779814e-01 1.140639229097228036e+00
8.890000000000000000e+02 2.953163243152878703e-01 1.105722610501275627e+00
8.900000000000000000e+02 2.827899411591271450e-01 1.487103945967079843e+00
8.910000000000000000e+02 3.239321752732329252e-01 1.186023112080523356e+00
8.920000000000000000e+02 2.495327954598580422e-01 1.167873090591983409e+00
8.930000000000000000e+02 2.907214056310018502e-01 1.123653764310090342e+00
8.940000000000000000e+02 3.034849049664105625e-01 1.283777989627082672e+00
8.950000000000000000e+02 2.584483694426380485e-01 1.039705258060768633e+00
8.960000000000000000e+02 2.975759515434968638e-01 1.117544453501125412e+00
8.970000000000000000e+02 2.995517455105494720e-01 1.437248964816475905e+00
8.980000000000000000e+02 2.552071616514050567e-01 1.230270701905955333e+00
8.990000000000000000e+02 2.832851103154213068e-01 1.466149613477181646e+00
9.000000000000000000e+02 2.574269215689984347e-01 1.092297393918613357e+00
9.010000000000000000e+02 2.951560294829420616e-01 1.147449646595019690e+00
9.020000000000000000e+02 2.710039254851157597e-01 1.094861140573658131e+00
9.030000000000000000e+02 2.792151402462512144e-01 1.133169324501700936e+00
9.040000000000000000e+02 2.802576236343756189e-01 1.985785088101446938e+00
9.050000000000000000e+02 2.758340027685300400e-01 1.295492630649879962e+00
9.060000000000000000e+02 2.889309561613834232e-01 1.384584352014145425e+00
9.070000000000000000e+02 2.653917575782558380e-01 1.082961130833280272e+00
9.080000000000000000e+02 2.930775126364453254e-01 1.156620493257679128e+00
9.090000000000000000e+02 2.488779238442700159e-01 1.045954852864362294e+00
9.100000000000000000e+02 2.958298743639868889e-01 9.356084681939387249e-01
9.110000000000000000e+02 2.719869054818312981e-01 1.090631553516295815e+00
9.120000000000000000e+02 3.093067653175750609e-01 1.115908846187130932e+00
9.130000000000000000e+02 2.956186130467248208e-01 1.127777370853700445e+00
9.140000000000000000e+02 2.748169536118144074e-01 1.367470361184382810e+00
9.150000000000000000e+02 2.724945530897439072e-01 1.162019837881631990e+00
9.160000000000000000e+02 2.726255783122452092e-01 1.550131637693027420e+00
9.170000000000000000e+02 2.930107627487668620e-01 1.184317326200181153e+00
9.180000000000000000e+02 3.253952523313080603e-01 1.257175741564248606e+00
9.190000000000000000e+02 2.536219914045330648e-01 9.871474579336562138e-01
9.200000000000000000e+02 2.620983728536681601e-01 1.049459163693414299e+00
9.210000000000000000e+02 2.639801066105413874e-01 1.303850231539224191e+00
9.220000000000000000e+02 2.586204923093603503e-01 1.196631702823915289e+00
9.230000000000000000e+02 2.748671791552737553e-01 1.166430074811557693e+00
9.240000000000000000e+02 2.827118806133699369e-01 1.148677537982590424e+00
9.250000000000000000e+02 2.701982312917937112e-01 1.091222412920228590e+00
9.260000000000000000e+02 2.840059378908740273e-01 1.062627064433074864e+00
9.270000000000000000e+02 2.843060403103996880e-01 1.110175131023793949e+00
9.280000000000000000e+02 3.009807430290803443e-01 1.237532364573455723e+00
9.290000000000000000e+02 2.654233968092335472e-01 1.084491104895366043e+00
9.300000000000000000e+02 3.160543270193495458e-01 9.365375571780734099e-01
9.310000000000000000e+02 2.710784343054963852e-01 1.239477757670453206e+00
9.320000000000000000e+02 2.766922326077888017e-01 1.205224120674501798e+00
9.330000000000000000e+02 2.914949228483311172e-01 1.574163550915925303e+00
9.340000000000000000e+02 2.599140965718302332e-01 1.189836822270195160e+00
9.350000000000000000e+02 2.778942735759495908e-01 9.515093144587272178e-01
9.360000000000000000e+02 2.609592593942868799e-01 1.003529891875631019e+00
9.370000000000000000e+02 2.936663708942412465e-01 1.142021879481808666e+00
9.380000000000000000e+02 2.667673411130829231e-01 1.009389445977510569e+00
9.390000000000000000e+02 2.808435379452445813e-01 1.028901367371784836e+00
9.400000000000000000e+02 2.955741837891320278e-01 1.147760006540639477e+00
9.410000000000000000e+02 2.189711678859799504e-01 1.169680810780916902e+00
9.420000000000000000e+02 3.308568080734697880e-01 1.230120957185680819e+00
9.430000000000000000e+02 2.435848165627458595e-01 1.289176001065019284e+00
9.440000000000000000e+02 2.718804789723086035e-01 1.081897833497051931e+00
9.450000000000000000e+02 2.924388561284903543e-01 1.607731010602868160e+00
9.460000000000000000e+02 2.843331869248408861e-01 1.202041335727857430e+00
9.470000000000000000e+02 2.985678928868335524e-01 1.079728681684116287e+00
9.480000000000000000e+02 2.360594670730407907e-01 1.038280682863244708e+00
9.490000000000000000e+02 2.656524753392065508e-01 1.103444910279794522e+00
9.500000000000000000e+02 2.666449980289223309e-01 1.229182987397419602e+00
9.510000000000000000e+02 2.772477975209528545e-01 1.824947286919119227e+00
9.520000000000000000e+02 2.980579890009730781e-01 1.171386742361501865e+00
9.530000000000000000e+02 2.676303337887997458e-01 1.187650537721200772e+00
9.540000000000000000e+02 2.647048960036060272e-01 1.161517064352542317e+00
9.550000000000000000e+02 2.665536540420088141e-01 1.111936846217095542e+00
9.560000000000000000e+02 2.962520451170124192e-01 1.181100172697058026e+00
9.570000000000000000e+02 2.597730319736945015e-01 1.022644048151762686e+00
9.580000000000000000e+02 2.685881438506377838e-01 1.164861624367571125e+00
9.590000000000000000e+02 2.550903137660388009e-01 1.146469541217969734e+00
9.600000000000000000e+02 2.875501257047008985e-01 1.011610995168271243e+00
9.610000000000000000e+02 2.886196226973410384e-01 1.221148425254269032e+00
9.620000000000000000e+02 2.814267082798360686e-01 1.207270484039749014e+00
9.630000000000000000e+02 2.561158089464308785e-01 1.202082593659847820e+00
9.640000000000000000e+02 2.898936780414195780e-01 1.041776614488610919e+00
9.650000000000000000e+02 2.666936220175967209e-01 2.525712948490455911e+00
9.660000000000000000e+02 3.022648992788309896e-01 1.081007560670087964e+00
9.670000000000000000e+02 3.220962591329248337e-01 1.284122204435044434e+00
9.680000000000000000e+02 2.440060110888488676e-01 1.279037580973860111e+00
9.690000000000000000e+02 2.796576315104359334e-01 1.383345696085317211e+00
9.700000000000000000e+02 2.859228574098881537e-01 1.319837881747075281e+00
9.710000000000000000e+02 2.516167161967416965e-01 1.121214836691888594e+00
9.720000000000000000e+02 2.954003411935901546e-01 1.038875798672293627e+00
9.730000000000000000e+02 2.690804150326842059e-01 2.069734716185049006e+00
9.740000000000000000e+02 2.680222574960101634e-01 1.219547219898389656e+00
9.750000000000000000e+02 2.202177593337953931e-01 1.090856091411793294e+00
9.760000000000000000e+02 2.930593944328839240e-01 1.118033602041898611e+00
9.770000000000000000e+02 2.841196558626642443e-01 1.163065434653977936e+00
9.780000000000000000e+02 2.738867295836521221e-01 1.147188106020867515e+00
9.790000000000000000e+02 3.177522350689606090e-01 1.165310264785508698e+00
9.800000000000000000e+02 3.182173576394115022e-01 1.217845750891644041e+00
9.810000000000000000e+02 2.546180766034312204e-01 1.091194602026455573e+00
9.820000000000000000e+02 3.080225851209955623e-01 1.129189498758546462e+00
9.830000000000000000e+02 2.742777036781256506e-01 1.064916436798906574e+00
9.840000000000000000e+02 2.558476747449471844e-01 1.189516869144163325e+00
9.850000000000000000e+02 2.830355031002564359e-01 1.351210933070683851e+00
9.860000000000000000e+02 2.755725362491516783e-01 1.244953661149250657e+00
9.870000000000000000e+02 2.437447203755980785e-01 9.388892742746693942e-01
9.880000000000000000e+02 3.032769847491547655e-01 1.380734451727014811e+00
9.890000000000000000e+02 3.246834288360221366e-01 1.299913262399498448e+00
9.900000000000000000e+02 2.708402994756746729e-01 1.068896157730028884e+00
9.910000000000000000e+02 2.848264456421905622e-01 1.228095917310115803e+00
9.920000000000000000e+02 2.732559208155589947e-01 1.491603008214978265e+00
9.930000000000000000e+02 2.670425707299301510e-01 1.084529850793921391e+00
9.940000000000000000e+02 2.789840295307953189e-01 1.190658047003446462e+00
9.950000000000000000e+02 2.547157201091169720e-01 1.073767148354203282e+00
9.960000000000000000e+02 2.727523817401587003e-01 1.097681098514132980e+00
9.970000000000000000e+02 2.458064181883838628e-01 1.178639684898265871e+00
9.980000000000000000e+02 2.401662799356165390e-01 1.155441040002205488e+00
9.990000000000000000e+02 2.491474920167555396e-01 1.118482761912875656e+00
1.000000000000000000e+03 2.618839400053479816e-01 1.173847523288450434e+00
