1.000000000000000000e+00 4.011870777953691736e+00 1.184059642198923434e+01
2.000000000000000000e+00 3.078438924551584854e+00 3.696524382926322350e+00
3.000000000000000000e+00 2.718627618417735370e+00 3.647499937624544497e+00
4.000000000000000000e+00 2.326915401154232566e+00 1.851896573401786261e+00
5.000000000000000000e+00 2.377332739942655593e+00 1.771111667048823834e+00
6.000000000000000000e+00 2.236790286370188063e+00 2.048809468209206397e+00
7.000000000000000000e+00 2.458302211248087232e+00 2.588849704974406585e+00
8.000000000000000000e+00 2.073146288137851290e+00 1.963796978813033833e+00
9.000000000000000000e+00 2.266785324472295304e+00 1.801516170115084359e+00
1.000000000000000000e+01 2.150221790282093703e+00 3.140370743983500912e+00
1.100000000000000000e+01 2.133512230465769655e+00 2.743370229703886221e+00
1.200000000000000000e+01 2.282806210275371228e+00 2.609612370396519498e+00
1.300000000000000000e+01 1.852722209518637309e+00 2.137123144961692311e+00
1.400000000000000000e+01 1.655239659395513652e+00 3.591202412854443971e+00
1.500000000000000000e+01 2.261189660247491240e+00 2.192424457674627902e+00
1.600000000000000000e+01 2.230422293942917467e+00 1.916795517732431176e+00
1.700000000000000000e+01 1.993688649079931041e+00 2.044201478227838820e+00
1.800000000000000000e+01 1.888188919070141303e+00 2.839730821214280887e+00
1.900000000000000000e+01 2.028914988345029258e+00 1.912913079304738195e+00
2.000000000000000000e+01 1.851798680441102185e+00 3.445345955496435852e+00
2.100000000000000000e+01 2.018877713066884461e+00 2.142412938298405845e+00
2.200000000000000000e+01 1.901625106073155713e+00 1.990055283555039356e+00
2.300000000000000000e+01 1.689523143688374196e+00 2.078864867622788104e+00
2.400000000000000000e+01 1.724745809575732869e+00 2.019369991405590259e+00
2.500000000000000000e+01 1.833059943761105703e+00 1.886645967036754135e+00
2.600000000000000000e+01 1.642560501107755977e+00 2.309738236397236300e+00
2.700000000000000000e+01 2.031591628877561284e+00 4.041739346100403196e+00
2.800000000000000000e+01 1.645036609096579117e+00 1.852781011392404364e+00
2.900000000000000000e+01 1.950785345401331750e+00 2.280418322107813367e+00
3.000000000000000000e+01 1.861411496142032274e+00 2.253609730316711968e+00
3.100000000000000000e+01 1.548080941172211622e+00 2.167623441713350196e+00
3.200000000000000000e+01 1.773721567374102914e+00 2.534442369143168339e+00
3.300000000000000000e+01 1.864731575095387006e+00 2.320167346902795913e+00
3.400000000000000000e+01 1.587368405135367810e+00 2.051243210483241874e+00
3.500000000000000000e+01 1.987616838834953548e+00 1.990857489903767874e+00
3.600000000000000000e+01 1.414957152261417717e+00 3.097690105008649386e+00
3.700000000000000000e+01 2.048932366244340386e+00 2.118893895278105788e+00
3.800000000000000000e+01 1.590126850862197294e+00 3.324868392944336115e+00
3.900000000000000000e+01 1.593759278555344050e+00 2.602506076108228150e+00
4.000000000000000000e+01 1.671602464604134530e+00 2.238908557634095686e+00
4.100000000000000000e+01 1.516072387617307005e+00 2.188958671715882431e+00
4.200000000000000000e+01 1.685171442828616417e+00 2.834179150950801418e+00
4.300000000000000000e+01 1.493460034528595770e+00 2.441439690998008505e+00
4.400000000000000000e+01 1.401222481626838379e+00 3.605441365800462261e+00
4.500000000000000000e+01 1.418928829416400417e+00 2.674933383701084022e+00
4.600000000000000000e+01 1.752971658939604938e+00 2.030655669306849376e+00
4.700000000000000000e+01 1.428008392522635006e+00 2.355484230024320613e+00
4.800000000000000000e+01 1.418639253137120582e+00 2.231680899697380926e+00
4.900000000000000000e+01 1.667339246035838718e+00 2.016892739459200889e+00
5.000000000000000000e+01 1.574834174483502824e+00 2.166630267237757757e+00
5.100000000000000000e+01 1.348606188534473782e+00 2.396226492228808791e+00
5.200000000000000000e+01 1.451408163692413655e+00 2.058693810196610130e+00
5.300000000000000000e+01 1.594225635102237693e+00 2.797669598433348614e+00
5.400000000000000000e+01 1.440487169793673861e+00 2.291905317220602090e+00
5.500000000000000000e+01 1.538541777214780915e+00 2.419931110605463065e+00
5.600000000000000000e+01 1.370752576527411781e+00 2.184921982266881280e+00
5.700000000000000000e+01 1.654464115154775650e+00 2.085159315450771267e+00
5.800000000000000000e+01 1.217193485570647438e+00 2.820755459596445025e+00
5.900000000000000000e+01 1.636409453864498431e+00 2.521098226255124697e+00
6.000000000000000000e+01 1.265301266951220471e+00 2.129259688574988374e+00
6.100000000000000000e+01 1.516954979386223146e+00 2.389719813578837559e+00
6.200000000000000000e+01 1.318935298917762067e+00 2.679469271608301284e+00
6.300000000000000000e+01 1.392514390106774247e+00 3.114429792627558147e+00
6.400000000000000000e+01 1.531189030185688971e+00 2.518991374969482333e+00
6.500000000000000000e+01 1.383167650152513195e+00 3.153371155369389278e+00
6.600000000000000000e+01 1.359307990414562628e+00 2.840511324169399554e+00
6.700000000000000000e+01 1.072396379648422604e+00 2.339292889242773565e+00
6.800000000000000000e+01 1.438031603530272040e+00 2.056223452198612911e+00
6.900000000000000000e+01 1.426629833703483285e+00 2.857109555467828965e+00
7.000000000000000000e+01 1.284634405204994279e+00 2.423771145751884237e+00
7.100000000000000000e+01 1.154734721462202129e+00 2.586316074336971305e+00
7.200000000000000000e+01 1.384893932892959922e+00 4.390225194595955394e+00
7.300000000000000000e+01 1.245491924018467644e+00 2.196404473201648777e+00
7.400000000000000000e+01 1.253158318753145206e+00 2.447569263088810398e+00
7.500000000000000000e+01 1.277955342160195684e+00 3.613782569094821095e+00
7.600000000000000000e+01 1.379764585216846529e+00 2.201459005931476032e+00
7.700000000000000000e+01 1.168494037114096828e+00 2.049329843392243333e+00
7.800000000000000000e+01 1.153283576269577448e+00 2.773583286946958104e+00
7.900000000000000000e+01 1.396544841694789651e+00 2.884738351847674576e+00
8.000000000000000000e+01 1.226156572618994911e+00 2.479978716051256526e+00
8.100000000000000000e+01 1.232645224015390450e+00 2.252981920714850705e+00
8.200000000000000000e+01 9.874387802407995629e-01 2.358921777450286417e+00
8.300000000000000000e+01 1.399029091558482429e+00 2.981164746778505403e+00
8.400000000000000000e+01 1.318660475080196681e+00 2.663703730084874710e+00
8.500000000000000000e+01 1.044906770112180139e+00 2.409635921856304375e+00
8.600000000000000000e+01 1.328961122616414414e+00 3.442719106416444408e+00
8.700000000000000000e+01 1.205678711084236854e+00 3.894345632329717422e+00
8.800000000000000000e+01 1.124661707962400170e+00 3.801275151914304651e+00
8.900000000000000000e+01 1.131045952278874722e+00 2.526150698704762387e+00
9.000000000000000000e+01 1.112648562126061558e+00 2.631567166302655192e+00
9.100000000000000000e+01 1.075613300305709341e+00 2.862954475858189962e+00
9.200000000000000000e+01 1.266556111233383408e+00 2.792431494137188164e+00
9.300000000000000000e+01 1.076658722079683272e+00 2.854158270896018035e+00
9.400000000000000000e+01 1.145290319873228047e+00 2.420043717203913314e+00
9.500000000000000000e+01 1.100047163386331794e+00 2.285891376100145145e+00
9.600000000000000000e+01 1.185439899087277871e+00 2.208065306495975655e+00
9.700000000000000000e+01 1.085356182249799684e+00 3.161132590190784519e+00
9.800000000000000000e+01 1.097059733448506602e+00 2.530933703817762837e+00
9.900000000000000000e+01 1.163401542073102313e+00 2.139630561691146848e+00
1.000000000000000000e+02 1.138597177205391553e+00 2.861248313843666846e+00
1.010000000000000000e+02 1.154430825850520259e+00 2.460060256665891565e+00
1.020000000000000000e+02 1.175504160956058364e+00 2.858011652542664205e+00
1.030000000000000000e+02 1.139254692415706094e+00 2.751271493370468502e+00
1.040000000000000000e+02 1.106638898329203702e+00 3.145106491312250174e+00
1.050000000000000000e+02 1.070228850872172233e+00 2.408234190940857111e+00
1.060000000000000000e+02 9.685483767004349209e-01 2.317656656428500384e+00
1.070000000000000000e+02 1.070342347033054864e+00 3.138405157853891403e+00
1.080000000000000000e+02 9.823409088474367445e-01 2.608583526138786635e+00
1.090000000000000000e+02 9.633108150898194166e-01 1.847184732368400528e+00
1.100000000000000000e+02 1.002195556499944962e+00 2.152362569387968438e+00
1.110000000000000000e+02 1.151530656815724640e+00 4.071383035182952526e+00
1.120000000000000000e+02 1.031115240463964522e+00 4.338798410452164411e+00
1.130000000000000000e+02 1.076854164807163894e+00 2.611587093971870832e+00
1.140000000000000000e+02 9.151044247806516818e-01 2.716032038078651567e+00
1.150000000000000000e+02 1.022028248687083973e+00 2.251298297203339072e+00
1.160000000000000000e+02 1.047710837715215781e+00 2.315071587734394143e+00
1.170000000000000000e+02 1.069819376632875407e+00 2.301479700556746444e+00
1.180000000000000000e+02 1.010073370041683516e+00 2.510028931471678604e+00
1.190000000000000000e+02 1.023754901280074403e+00 3.137902020119331947e+00
1.200000000000000000e+02 9.814551097854059547e-01 2.983265364707053280e+00
1.210000000000000000e+02 9.531894232709700043e-01 2.273876434833079774e+00
1.220000000000000000e+02 9.355223761225233137e-01 2.553965889977979131e+00
1.230000000000000000e+02 1.041045733686786434e+00 2.759386042431668074e+00
1.240000000000000000e+02 9.251969387901761710e-01 2.898574863038621441e+00
1.250000000000000000e+02 1.087752642019297333e+00 2.638864346774848713e+00
1.260000000000000000e+02 8.239822708466573165e-01 2.404517380826108219e+00
1.270000000000000000e+02 1.057965644662946847e+00 3.318290054261147315e+00
1.280000000000000000e+02 9.882058575749397278e-01 2.943051068847243990e+00
1.290000000000000000e+02 9.407337839707250460e-01 2.680058929082509422e+00
1.300000000000000000e+02 9.099500906440406434e-01 2.768673567514161604e+00
1.310000000000000000e+02 1.057994979908281286e+00 3.978532630748845556e+00
1.320000000000000000e+02 8.675541350471041024e-01 2.281686418120925541e+00
1.330000000000000000e+02 9.424367509393203335e-01 2.484133324966774303e+00
1.340000000000000000e+02 9.761193844736838487e-01 2.386139704944850948e+00
1.350000000000000000e+02 9.936983097543981014e-01 2.533710343773300622e+00
1.360000000000000000e+02 8.185358113957509341e-01 2.800800940689740059e+00
1.370000000000000000e+02 8.554766348334307269e-01 2.419690546903524364e+00
1.380000000000000000e+02 9.493475264049353601e-01 2.906308644526713447e+00
1.390000000000000000e+02 8.888045085704476822e-01 2.615959086396672628e+00
1.400000000000000000e+02 8.443672671380120232e-01 2.051618249351913725e+00
1.410000000000000000e+02 7.758492457125322206e-01 2.869847495061857323e+00
1.420000000000000000e+02 1.007556066757495206e+00 2.211082946072827404e+00
1.430000000000000000e+02 8.635419685224159370e-01 2.105990699175241954e+00
1.440000000000000000e+02 8.534490246874677499e-01 3.036480515067641939e+00
1.450000000000000000e+02 1.009307014014647841e+00 2.564499618985631280e+00
1.460000000000000000e+02 7.931970130127188323e-01 2.720368900170197168e+00
1.470000000000000000e+02 8.140694764760765256e-01 2.367267617663821877e+00
1.480000000000000000e+02 1.010347769461738654e+00 2.676238161164361085e+00
1.490000000000000000e+02 9.499383493767048492e-01 2.521584374732799283e+00
1.500000000000000000e+02 7.848896520631635232e-01 2.368267838804571479e+00
1.510000000000000000e+02 7.472339752599340690e-01 2.884713711824502980e+00
1.520000000000000000e+02 8.898970051383485735e-01 2.351186069926700206e+00
1.530000000000000000e+02 9.469392376468627193e-01 2.282369575844154674e+00
1.540000000000000000e+02 8.461144643208805549e-01 2.151610145482930836e+00
1.550000000000000000e+02 6.895168944319287618e-01 2.437467330640500585e+00
1.560000000000000000e+02 9.025363676662695456e-01 2.875390141504305053e+00
1.570000000000000000e+02 8.957461650092253258e-01 2.963903330682634341e+00
1.580000000000000000e+02 8.084492605863785597e-01 3.011348502485601930e+00
1.590000000000000000e+02 7.527222487777422977e-01 2.514725460662498246e+00
1.600000000000000000e+02 8.172035884497040881e-01 2.313512719429291042e+00
1.610000000000000000e+02 8.911228243793759551e-01 2.617699592392723762e+00
1.620000000000000000e+02 8.332316543575882806e-01 2.903977663452560698e+00
1.630000000000000000e+02 7.905618160479362944e-01 2.502297451474645218e+00
1.640000000000000000e+02 7.690868202214377058e-01 3.140061854886579074e+00
1.650000000000000000e+02 8.350106537169665888e-01 2.682330181147601245e+00
1.660000000000000000e+02 8.868238391666268816e-01 2.751689233651032129e+00
1.670000000000000000e+02 8.476055410539301560e-01 2.400461196469831027e+00
1.680000000000000000e+02 7.418612864849634114e-01 3.255906969362551084e+00
1.690000000000000000e+02 8.614384815323727906e-01 2.555413209747623871e+00
1.700000000000000000e+02 6.879745834695167872e-01 2.273338183626398390e+00
1.710000000000000000e+02 8.007312264977669569e-01 2.505123597866779850e+00
1.720000000000000000e+02 8.628740457980440537e-01 2.997348813538078804e+00
1.730000000000000000e+02 7.028130848567125666e-01 2.570941371101516992e+00
1.740000000000000000e+02 8.239906068574610609e-01 2.633989751231562870e+00
1.750000000000000000e+02 8.354313485725466393e-01 2.712223670718906021e+00
1.760000000000000000e+02 7.201214653300488377e-01 2.258188939524126582e+00
1.770000000000000000e+02 8.080159681902310265e-01 2.513700645893543584e+00
1.780000000000000000e+02 7.027369989338132505e-01 2.587436480350322476e+00
1.790000000000000000e+02 6.740260906819197650e-01 2.192803592724843043e+00
1.800000000000000000e+02 8.035483950254868057e-01 2.388489334647720064e+00
1.810000000000000000e+02 7.649649394999051832e-01 3.299555426889711818e+00
1.820000000000000000e+02 7.502599725879581793e-01 2.669104984644297129e+00
1.830000000000000000e+02 6.658134760627519855e-01 2.356832887675311294e+00
1.840000000000000000e+02 8.011372700757427578e-01 3.023114866823763514e+00
1.850000000000000000e+02 7.956429866230719794e-01 2.507232648832304012e+00
1.860000000000000000e+02 7.288407533666472204e-01 2.935016739046251377e+00
1.870000000000000000e+02 6.777165345338769242e-01 2.732446269946055217e+00
1.880000000000000000e+02 8.012813508999073742e-01 2.692611858329257313e+00
1.890000000000000000e+02 7.842935424764382324e-01 3.572166994240906668e+00
1.900000000000000000e+02 6.313152903723560083e-01 2.682667219531428504e+00
1.910000000000000000e+02 7.779255340753712389e-01 2.200233011632352298e+00
1.920000000000000000e+02 7.006095378570917909e-01 2.761403861990920028e+00
1.930000000000000000e+02 7.471601044501442468e-01 2.486058781598065259e+00
1.940000000000000000e+02 7.522295277715974615e-01 2.289726337656244670e+00
1.950000000000000000e+02 7.119267346984260447e-01 3.198646145038776645e+00
1.960000000000000000e+02 6.864064343054540052e-01 2.517277397228790736e+00
1.970000000000000000e+02 7.067156474095687146e-01 2.555493025521974104e+00
1.980000000000000000e+02 7.537757309422162821e-01 2.469353016002758139e+00
1.990000000000000000e+02 7.434568868911995976e-01 2.465406093511495644e+00
2.000000000000000000e+02 6.902135253522170277e-01 2.465517892493858110e+00
2.010000000000000000e+02 7.638140782395417272e-01 2.823117273347871770e+00
2.020000000000000000e+02 6.754153617302283141e-01 2.187212819236892702e+00
2.030000000000000000e+02 7.439238924162575595e-01 2.677347052204716249e+00
2.040000000000000000e+02 7.412324138063528522e-01 2.364865392178028713e+00
2.050000000000000000e+02 7.111342166103428175e-01 2.945290604582778027e+00
2.060000000000000000e+02 7.158862469080615742e-01 2.330966649721334605e+00
2.070000000000000000e+02 7.031571173804874730e-01 2.756829667735744227e+00
2.080000000000000000e+02 6.895368359976981054e-01 2.569809786478678415e+00
2.090000000000000000e+02 6.345647702679916291e-01 2.091399127943021963e+00
2.100000000000000000e+02 6.947896181016551820e-01 2.701711893726039371e+00
2.110000000000000000e+02 6.909517755651690685e-01 2.109929116029997331e+00
2.120000000000000000e+02 7.527866626037732489e-01 2.373468837007746135e+00
2.130000000000000000e+02 6.473337858891383689e-01 2.232382985278292598e+00
2.140000000000000000e+02 6.623805795531171325e-01 2.689605703225006916e+00
2.150000000000000000e+02 6.189136126719351205e-01 2.644923613307712529e+00
2.160000000000000000e+02 7.459531649504178574e-01 3.043544542467271796e+00
2.170000000000000000e+02 6.996664095208439127e-01 3.134915506087982084e+00
2.180000000000000000e+02 5.634239059987413700e-01 2.955298239046388886e+00
2.190000000000000000e+02 7.269039970850917909e-01 2.339234290037069286e+00
2.200000000000000000e+02 6.921692490290354272e-01 2.900610852885890711e+00
2.210000000000000000e+02 7.720897310936775115e-01 2.675335220388463942e+00
2.220000000000000000e+02 6.297968807000928759e-01 2.923133796614569402e+00
2.230000000000000000e+02 6.890226052674415236e-01 2.427042326841268416e+00
2.240000000000000000e+02 7.043166756198928624e-01 2.435240643303673735e+00
2.250000000000000000e+02 6.129627769234363699e-01 3.162826715074143813e+00
2.260000000000000000e+02 6.629997668217639806e-01 2.710079588975992326e+00
2.270000000000000000e+02 7.080008083987079370e-01 2.344068842750411719e+00
2.280000000000000000e+02 6.610903194180807185e-01 2.858400138219197473e+00
2.290000000000000000e+02 7.036708259714697933e-01 2.862017178105878301e+00
2.300000000000000000e+02 6.042343728937521474e-01 2.490172955796525311e+00
2.310000000000000000e+02 5.960090875777662722e-01 2.660181674012192854e+00
2.320000000000000000e+02 6.200951001694132714e-01 2.603857786590988432e+00
2.330000000000000000e+02 6.545257197543954408e-01 3.320265110118969076e+00
2.340000000000000000e+02 6.224590964919450853e-01 2.711778647190815850e+00
2.350000000000000000e+02 6.182107508114946803e-01 2.994005870819091975e+00
2.360000000000000000e+02 6.469285060992372438e-01 2.506297780586792534e+00
2.370000000000000000e+02 6.134380047753867915e-01 2.464924605687459191e+00
2.380000000000000000e+02 5.912844382074414762e-01 2.412908235111752120e+00
2.390000000000000000e+02 7.147875825322712595e-01 3.306906115042196781e+00
2.400000000000000000e+02 6.303952856331455079e-01 2.458346048776093973e+00
2.410000000000000000e+02 6.726454144345543895e-01 3.528979248184341611e+00
2.420000000000000000e+02 5.730819880810319455e-01 2.911313160475309747e+00
2.430000000000000000e+02 6.440033502019953948e-01 2.275289919999268662e+00
2.440000000000000000e+02 5.031726762500344785e-01 3.320619195431202542e+00
2.450000000000000000e+02 6.788876704270684348e-01 2.686303332904437458e+00
2.460000000000000000e+02 6.099529533209849808e-01 2.777707700686411929e+00
2.470000000000000000e+02 6.263590556703042544e-01 2.517001240962260411e+00
2.480000000000000000e+02 6.543461407441555355e-01 2.549467818157093113e+00
2.490000000000000000e+02 5.787849394338471232e-01 2.591617517213563815e+00
2.500000000000000000e+02 5.695300749543804608e-01 2.865906032785638935e+00
2.510000000000000000e+02 5.766002367676099638e-01 2.464605659837121543e+00
2.520000000000000000e+02 6.069291484143052307e-01 2.478784306414492544e+00
2.530000000000000000e+02 6.105598606338038525e-01 2.812515942685239079e+00
2.540000000000000000e+02 6.282553559289797418e-01 2.384053585121223673e+00
2.550000000000000000e+02 4.648564484951562270e-01 2.197152154510085609e+00
2.560000000000000000e+02 6.475979351750229540e-01 2.541579693931717010e+00
2.570000000000000000e+02 5.653081809987827722e-01 2.391189340213397685e+00
2.580000000000000000e+02 6.469523461109646378e-01 2.711709256752117270e+00
2.590000000000000000e+02 5.273070070361585149e-01 2.657770754839922756e+00
2.600000000000000000e+02 6.125964569570487850e-01 2.835551501609183678e+00
2.610000000000000000e+02 6.266032919591787431e-01 3.021889815674171587e+00
2.620000000000000000e+02 5.990766910194067485e-01 2.428869995770153611e+00
2.630000000000000000e+02 6.022599591341850633e-01 2.755324385187647440e+00
2.640000000000000000e+02 5.334019826938537490e-01 2.769154746253211119e+00
2.650000000000000000e+02 5.781805816763884165e-01 2.973358703733564479e+00
2.660000000000000000e+02 6.119671527828488555e-01 2.261192254977183236e+00
2.670000000000000000e+02 5.287061270469981533e-01 2.449994880873877623e+00
2.680000000000000000e+02 6.408527296568665710e-01 2.700067066072343813e+00
2.690000000000000000e+02 5.828453264549846580e-01 2.471972963187071493e+00
2.700000000000000000e+02 5.709089592876347430e-01 2.896896895632013358e+00
2.710000000000000000e+02 6.109042079473028242e-01 2.489176624100487345e+00
2.720000000000000000e+02 6.489527412938206341e-01 2.397212932990477885e+00
2.730000000000000000e+02 5.279618424188754489e-01 2.421452319622039884e+00
2.740000000000000000e+02 5.710536244572425035e-01 3.101025631621077139e+00
2.750000000000000000e+02 4.986573264431420904e-01 2.798389891246417793e+00
2.760000000000000000e+02 5.936988533841017768e-01 2.808715687141762007e+00
2.770000000000000000e+02 5.373411510422857473e-01 3.561124212462623007e+00
2.780000000000000000e+02 6.238895068401579813e-01 2.556406052477724788e+00
2.790000000000000000e+02 5.399204590148164451e-01 2.436614687593133599e+00
2.800000000000000000e+02 5.478210190896836140e-01 2.507217956878043719e+00
2.810000000000000000e+02 4.971524150852038026e-01 2.503378503601830118e+00
2.820000000000000000e+02 5.567886718461583229e-01 2.604465017018017470e+00
2.830000000000000000e+02 5.861705523795412986e-01 2.529497365264205211e+00
2.840000000000000000e+02 5.686531380434310945e-01 2.282978229479746712e+00
2.850000000000000000e+02 5.577632929568847597e-01 2.429134419587281268e+00
2.860000000000000000e+02 5.429381874813329345e-01 2.786909653689410238e+00
2.870000000000000000e+02 5.515122853366772882e-01 2.727290571058118562e+00
2.880000000000000000e+02 4.878552776079831399e-01 2.600431498240780126e+00
2.890000000000000000e+02 5.479833836458167795e-01 2.841574197416906866e+00
2.900000000000000000e+02 5.280716019716558129e-01 2.862867499471784871e+00
2.910000000000000000e+02 5.769581777450262239e-01 2.591550150862685253e+00
2.920000000000000000e+02 5.153238306029440663e-01 2.388046145009564913e+00
2.930000000000000000e+02 5.141736238059863018e-01 2.769449936591827033e+00
2.940000000000000000e+02 5.773280006061887182e-01 2.612207938529349516e+00
2.950000000000000000e+02 5.032970393305515877e-01 2.471153079926430518e+00
2.960000000000000000e+02 5.374293061155570594e-01 2.975700217109542578e+00
2.970000000000000000e+02 5.336836417369208441e-01 2.390909393735833888e+00
2.980000000000000000e+02 5.042773293094505727e-01 2.661386972934276063e+00
2.990000000000000000e+02 5.264978131335321665e-01 2.392400534303338766e+00
3.000000000000000000e+02 5.240811716316789992e-01 2.625376812831775375e+00
3.010000000000000000e+02 5.648772018085659319e-01 2.751921969061499329e+00
3.020000000000000000e+02 5.315695035961419679e-01 2.834871901477779232e+00
3.030000000000000000e+02 5.361686855501901494e-01 2.926668065732664026e+00
3.040000000000000000e+02 5.363045931772347785e-01 2.584731307760015362e+00
3.050000000000000000e+02 5.113954325111544907e-01 2.378238672608727899e+00
3.060000000000000000e+02 5.583161384312645970e-01 2.439195929561649212e+00
3.070000000000000000e+02 5.011095807959599080e-01 2.800542690088083209e+00
3.080000000000000000e+02 5.635475321332683585e-01 2.576308872033883812e+00
3.090000000000000000e+02 5.479114114538986557e-01 2.423687197281433559e+00
3.100000000000000000e+02 5.022994660304401782e-01 3.010509921194196803e+00
3.110000000000000000e+02 4.642380723927577724e-01 2.657276128863429232e+00
3.120000000000000000e+02 5.274823296233884795e-01 2.459146456031112038e+00
3.130000000000000000e+02 4.829914921096393199e-01 2.590258098078203730e+00
3.140000000000000000e+02 5.795947601083351053e-01 2.388647217149133084e+00
3.150000000000000000e+02 4.943660631085585178e-01 2.333317599640236217e+00
3.160000000000000000e+02 4.851210826743593274e-01 3.005508418985315178e+00
3.170000000000000000e+02 5.305212953565071610e-01 2.423096618996010143e+00
3.180000000000000000e+02 5.438258685512824542e-01 2.853702153386296292e+00
3.190000000000000000e+02 5.091661463905238216e-01 2.494970383193041652e+00
3.200000000000000000e+02 4.948940308270405875e-01 2.539660039033975636e+00
3.210000000000000000e+02 5.085455884835385909e-01 2.220454022476264999e+00
3.220000000000000000e+02 4.452356868319509164e-01 2.559215443413537017e+00
3.230000000000000000e+02 5.555269946033656314e-01 2.471336765117473355e+00
3.240000000000000000e+02 5.014081837331944014e-01 2.821260534320865876e+00
3.250000000000000000e+02 5.026751524398664905e-01 2.330691327275456803e+00
3.260000000000000000e+02 5.911383294377241526e-01 2.812426074775489671e+00
3.270000000000000000e+02 4.207292975363682852e-01 2.670300970635972604e+00
3.280000000000000000e+02 5.453007511425296272e-01 3.074443041956102629e+00
3.290000000000000000e+02 4.703048043133801204e-01 2.603053553684337551e+00
3.300000000000000000e+02 4.562954237783681255e-01 2.288345265818071628e+00
3.310000000000000000e+02 5.586974989768298538e-01 2.216243162026276359e+00
3.320000000000000000e+02 4.847178010612118171e-01 2.742789069596711649e+00
3.330000000000000000e+02 4.712872514861889961e-01 2.478528434091860078e+00
3.340000000000000000e+02 4.730752582085878122e-01 2.179226677696984193e+00
3.350000000000000000e+02 5.609927017474584110e-01 2.561968053783382437e+00
3.360000000000000000e+02 4.117156553785411566e-01 2.558566472766635513e+00
3.370000000000000000e+02 5.206637394575756028e-01 2.864483179487623765e+00
3.380000000000000000e+02 4.994360464708025860e-01 3.195534895132253972e+00
3.390000000000000000e+02 4.424705455193714276e-01 2.743746402671745077e+00
3.400000000000000000e+02 4.333867676770915001e-01 2.427855703422614919e+00
3.410000000000000000e+02 4.872495491741871132e-01 2.636740552197705423e+00
3.420000000000000000e+02 5.348897026931092036e-01 2.636187704833778067e+00
3.430000000000000000e+02 4.373420814953075664e-01 2.365654069238954715e+00
3.440000000000000000e+02 5.068511836686913075e-01 2.980130001660939776e+00
3.450000000000000000e+02 5.004926856625756537e-01 2.323156560004294491e+00
3.460000000000000000e+02 3.915112013317238460e-01 2.785375321877969323e+00
3.470000000000000000e+02 5.709477866096318577e-01 2.450490148432619808e+00
3.480000000000000000e+02 4.675030317956681558e-01 2.668186611098211980e+00
3.490000000000000000e+02 4.630885202555569680e-01 3.000639328655895888e+00
3.500000000000000000e+02 4.442674026477286819e-01 3.398398883063514120e+00
3.510000000000000000e+02 5.877104455567135899e-01 2.513394974158690953e+00
3.520000000000000000e+02 4.004197899128259519e-01 2.685998044572435184e+00
3.530000000000000000e+02 4.820816547095191362e-01 2.698111551087182036e+00
3.540000000000000000e+02 4.696575364613674863e-01 3.073910439551413631e+00
3.550000000000000000e+02 4.785311484234519019e-01 3.071505426501368596e+00
3.560000000000000000e+02 4.677055539677337781e-01 2.584042315010552038e+00
3.570000000000000000e+02 5.041031146689317621e-01 3.019818179457037122e+00
3.580000000000000000e+02 4.982885386176418296e-01 2.708699073447837335e+00
3.590000000000000000e+02 4.571351200694554473e-01 2.298455934051994998e+00
3.600000000000000000e+02 4.889818401817156435e-01 2.824190832043553367e+00
3.610000000000000000e+02 4.268880867745434293e-01 2.366473944552309749e+00
3.620000000000000000e+02 4.331930797237609210e-01 2.688131479314855632e+00
3.630000000000000000e+02 5.170882566961161331e-01 2.630644746943636925e+00
3.640000000000000000e+02 4.463521992515640524e-01 3.024009875349096266e+00
3.650000000000000000e+02 5.409512372972858918e-01 2.524035452507637611e+00
3.660000000000000000e+02 4.609896451690975727e-01 2.174848081829311663e+00
3.670000000000000000e+02 4.251070301976787036e-01 2.273017996066325264e+00
3.680000000000000000e+02 4.503832002333960083e-01 2.490111297100513710e+00
3.690000000000000000e+02 4.258497342139257458e-01 2.525526431444529152e+00
3.700000000000000000e+02 4.443621947700088226e-01 2.438200960610363843e+00
3.710000000000000000e+02 4.372871682351949230e-01 2.593851838240752272e+00
3.720000000000000000e+02 4.924294693057567618e-01 2.485996129920890585e+00
3.730000000000000000e+02 4.486875174453063830e-01 2.558705853986310341e+00
3.740000000000000000e+02 3.917554898716409939e-01 2.482946387711945757e+00
3.750000000000000000e+02 4.569372103688572606e-01 2.585181327338691215e+00
3.760000000000000000e+02 4.544388319247599783e-01 2.616440492062955148e+00
3.770000000000000000e+02 4.563874721325958950e-01 2.555029027096860084e+00
3.780000000000000000e+02 4.607409860722680994e-01 2.126334394205797729e+00
3.790000000000000000e+02 4.564404302805536440e-01 2.280167861457343736e+00
3.800000000000000000e+02 5.072326505822795095e-01 2.925567472732818697e+00
3.810000000000000000e+02 4.777589505237531675e-01 2.696096561620901166e+00
3.820000000000000000e+02 4.396037489496663619e-01 2.622422274383338525e+00
3.830000000000000000e+02 4.273606314189599131e-01 2.591567219914616693e+00
3.840000000000000000e+02 5.447697387608649855e-01 2.476288045848812125e+00
3.850000000000000000e+02 3.981041343593659243e-01 2.869783274977056653e+00
3.860000000000000000e+02 4.079813069226790323e-01 3.105334876034711034e+00
3.870000000000000000e+02 4.279270118290102731e-01 2.330766478100338546e+00
3.880000000000000000e+02 4.317579973968132534e-01 2.234632813393532480e+00
3.890000000000000000e+02 4.416514189571750237e-01 2.591773368646432818e+00
3.900000000000000000e+02 4.378645290697998349e-01 2.855578131718678581e+00
3.910000000000000000e+02 4.897017985146547292e-01 2.671846662770520631e+00
3.920000000000000000e+02 3.903916110979788745e-01 2.654520423133094109e+00
3.930000000000000000e+02 4.507819838641101140e-01 2.718452222282822017e+00
3.940000000000000000e+02 4.466397203894150181e-01 2.394068749101312399e+00
3.950000000000000000e+02 4.496027627223828649e-01 3.195267114982948797e+00
3.960000000000000000e+02 4.065096548673291510e-01 2.397679893820135355e+00
3.970000000000000000e+02 4.769982292604048046e-01 2.652761128786448097e+00
3.980000000000000000e+02 4.312339491607022901e-01 2.624683806273314435e+00
3.990000000000000000e+02 4.258621789415645287e-01 2.423875673182375845e+00
4.000000000000000000e+02 4.887170712007848916e-01 2.782245154208965232e+00
4.010000000000000000e+02 4.442853715121697911e-01 2.492857033927161403e+00
4.020000000000000000e+02 4.634995379407517158e-01 2.434499603134017587e+00
4.030000000000000000e+02 4.255162275394940297e-01 3.394522857236432767e+00
4.040000000000000000e+02 4.218650373082327154e-01 3.571596706020939482e+00
4.050000000000000000e+02 4.422770753878786931e-01 2.552104581852217002e+00
4.060000000000000000e+02 3.712531187307139269e-01 2.629320890624244011e+00
4.070000000000000000e+02 4.305017366921539690e-01 2.627130391361477191e+00
4.080000000000000000e+02 4.270156569540663472e-01 2.466002613037556301e+00
4.090000000000000000e+02 4.509184871592668009e-01 2.542462113956073466e+00
4.100000000000000000e+02 4.104388846704359328e-01 2.388754218977851007e+00
4.110000000000000000e+02 4.772433021071255110e-01 2.576775116319054870e+00
4.120000000000000000e+02 3.887093272188861803e-01 2.464078251306001111e+00
4.130000000000000000e+02 3.521557656295924432e-01 2.855732258805283585e+00
4.140000000000000000e+02 5.042263513468966396e-01 2.690460226986859382e+00
4.150000000000000000e+02 4.497558992581727200e-01 2.615130971358702983e+00
4.160000000000000000e+02 3.547277021749062342e-01 2.545423544204986843e+00
4.170000000000000000e+02 4.047858212158148561e-01 2.326819483439127811e+00
4.180000000000000000e+02 4.251998521539629983e-01 3.024708782445203248e+00
4.190000000000000000e+02 4.564071646049707165e-01 2.777280637809822039e+00
4.200000000000000000e+02 4.342038335081324085e-01 2.431729871517902986e+00
4.210000000000000000e+02 4.352556859902892428e-01 2.859195220792615899e+00
4.220000000000000000e+02 5.034554774055675086e-01 2.610133802998173547e+00
4.230000000000000000e+02 3.890494465210077024e-01 2.585442219768558481e+00
4.240000000000000000e+02 3.835770271176141000e-01 2.957191972689585668e+00
4.250000000000000000e+02 4.363542296448532642e-01 2.602777007249024610e+00
4.260000000000000000e+02 3.828923926553874368e-01 2.265561329996263584e+00
4.270000000000000000e+02 4.565027673937836483e-01 2.597365185806343124e+00
4.280000000000000000e+02 3.510168930029923251e-01 2.480859362971675086e+00
4.290000000000000000e+02 4.566970188987805046e-01 2.691992723190032688e+00
4.300000000000000000e+02 5.133139371719895871e-01 2.601791152223810411e+00
4.310000000000000000e+02 3.636810697942000070e-01 2.436416137111079738e+00
4.320000000000000000e+02 4.470889739134684682e-01 2.784831593058130661e+00
4.330000000000000000e+02 3.531318732670375438e-01 2.711595009468697359e+00
4.340000000000000000e+02 4.633007777941083871e-01 2.397723312420887876e+00
4.350000000000000000e+02 4.308332138993091198e-01 2.515878175615190226e+00
4.360000000000000000e+02 4.419172796971944095e-01 2.570052908777116674e+00
4.370000000000000000e+02 4.242219586052849434e-01 2.896033121229292018e+00
4.380000000000000000e+02 4.022334116137948890e-01 2.982117362494941304e+00
4.390000000000000000e+02 3.770757905069700988e-01 2.783575689685237275e+00
4.400000000000000000e+02 4.065019358000379057e-01 2.586074953465848481e+00
4.410000000000000000e+02 4.106202506926135420e-01 2.806955724578720002e+00
4.420000000000000000e+02 3.318038800177267045e-01 2.736804874952849076e+00
4.430000000000000000e+02 4.223762271767468879e-01 2.553397269721503715e+00
4.440000000000000000e+02 3.683939240818983052e-01 2.620302504462164617e+00
4.450000000000000000e+02 4.138924326671629683e-01 2.495603143846666594e+00
4.460000000000000000e+02 4.197749445208230346e-01 2.572879230653917659e+00
4.470000000000000000e+02 3.920008445120587437e-01 3.247732724155391715e+00
4.480000000000000000e+02 4.388892841997523719e-01 2.761921424264306424e+00
4.490000000000000000e+02 3.711261021450135700e-01 2.450793552398681463e+00
4.500000000000000000e+02 4.351388293565536247e-01 2.579842577109465740e+00
4.510000000000000000e+02 3.921517356835089174e-01 2.629009601017376241e+00
4.520000000000000000e+02 4.243575237862763361e-01 2.835173265354053562e+00
4.530000000000000000e+02 3.061180998172078893e-01 2.665520265295698632e+00
4.540000000000000000e+02 4.358736200889878343e-01 2.580145082924817146e+00
4.550000000000000000e+02 4.265101747882149574e-01 2.725360713348732311e+00
4.560000000000000000e+02 3.686151975119600355e-01 2.787046663825576420e+00
4.570000000000000000e+02 3.956175471892334761e-01 2.962787020743430144e+00
4.580000000000000000e+02 4.419704407822294678e-01 2.582786403905164008e+00
4.590000000000000000e+02 3.879716549785252599e-01 2.590144742931331567e+00
4.600000000000000000e+02 4.074118283861155598e-01 2.382865611497346325e+00
4.610000000000000000e+02 3.316640695747063994e-01 2.577061229138760901e+00
4.620000000000000000e+02 3.769195594489671008e-01 2.557793336516028138e+00
4.630000000000000000e+02 4.174830056134286038e-01 2.551745412156388504e+00
4.640000000000000000e+02 4.057879530045451211e-01 2.527349954897219142e+00
4.650000000000000000e+02 4.313547174857395583e-01 2.379350222982801633e+00
4.660000000000000000e+02 3.477997782049159214e-01 2.421412197963611401e+00
4.670000000000000000e+02 4.211237881565542129e-01 2.396270011137197731e+00
4.680000000000000000e+02 4.198003199939824848e-01 2.816610256616059793e+00
4.690000000000000000e+02 4.002544296150822301e-01 2.543450355529785156e+00
4.700000000000000000e+02 3.502839172066512519e-01 3.019255684732316869e+00
4.710000000000000000e+02 4.280154459069496764e-01 2.570685249620729529e+00
4.720000000000000000e+02 4.467858836311016657e-01 2.658453427671312319e+00
4.730000000000000000e+02 3.421540899127697988e-01 2.777127051353454501e+00
4.740000000000000000e+02 3.869443113696971470e-01 2.637470539088721644e+00
4.750000000000000000e+02 3.611191877349672619e-01 2.921487216047338631e+00
4.760000000000000000e+02 3.843125739646229833e-01 2.479010229175155011e+00
4.770000000000000000e+02 3.212381386089301905e-01 2.294496646442928611e+00
4.780000000000000000e+02 3.979818132190713342e-01 2.621264077521659352e+00
4.790000000000000000e+02 3.728763710048331737e-01 2.705253957842921331e+00
4.800000000000000000e+02 3.697581872426077276e-01 2.725299960858113213e+00
4.810000000000000000e+02 3.772766626611047669e-01 2.303687437160594875e+00
4.820000000000000000e+02 3.520046714240770425e-01 2.554492915858019408e+00
4.830000000000000000e+02 3.912909398881756484e-01 3.101236830316148385e+00
4.840000000000000000e+02 4.023414706658957063e-01 2.867321160677317238e+00
4.850000000000000000e+02 3.629571352283919583e-01 2.665629742381808942e+00
4.860000000000000000e+02 4.445316382428946000e-01 2.356675133404431133e+00
4.870000000000000000e+02 3.507812645285722786e-01 2.440315648456951703e+00
4.880000000000000000e+02 3.627832088557811363e-01 2.869328684420199060e+00
4.890000000000000000e+02 4.106756911512626784e-01 2.818281285397641334e+00
4.900000000000000000e+02 3.550022182698497342e-01 2.492376276823851544e+00
4.910000000000000000e+02 3.913572943231673484e-01 2.483182692742562647e+00
4.920000000000000000e+02 3.583953646736744436e-01 2.667707995251492381e+00
4.930000000000000000e+02 3.857850856323554734e-01 2.646735170510438273e+00
4.940000000000000000e+02 3.676474689718957634e-01 2.834413840964033593e+00
4.950000000000000000e+02 3.772088242998541396e-01 2.677181307259980603e+00
4.960000000000000000e+02 4.072554045750860219e-01 2.650189495945836082e+00
4.970000000000000000e+02 3.698726634340961938e-01 2.536937096956613846e+00
4.980000000000000000e+02 3.741731483075619868e-01 2.448650808162517567e+00
4.990000000000000000e+02 3.524477629584552019e-01 2.642767993179527597e+00
5.000000000000000000e+02 3.763759624564377848e-01 2.543798916619103068e+00
5.010000000000000000e+02 3.783663004018975595e-01 2.483878086708687594e+00
5.020000000000000000e+02 3.740006525709413387e-01 2.355646924714784429e+00
5.030000000000000000e+02 3.690699879645764625e-01 2.786057893649951822e+00
5.040000000000000000e+02 3.601644306299809917e-01 2.439822817278337830e+00
5.050000000000000000e+02 3.628012214982009875e-01 2.641476945404533705e+00
5.060000000000000000e+02 3.535984265551428418e-01 2.549246570226308517e+00
5.070000000000000000e+02 4.355229550420940954e-01 2.574309230495143375e+00
5.080000000000000000e+02 3.512993405486118936e-01 2.669674580161635724e+00
5.090000000000000000e+02 4.380384571592887966e-01 2.624483506958763979e+00
5.100000000000000000e+02 3.508865665449851790e-01 2.558180891715728489e+00
5.110000000000000000e+02 3.716636723553647936e-01 2.529474072842984533e+00
5.120000000000000000e+02 3.869303878545181652e-01 2.442702053473876589e+00
5.130000000000000000e+02 3.649915175701900494e-01 2.607502301104434039e+00
5.140000000000000000e+02 4.015812459011927071e-01 2.583948404724533354e+00
5.150000000000000000e+02 3.162774589596962227e-01 2.431980587555481410e+00
5.160000000000000000e+02 3.564594020547510178e-01 2.369535220850695456e+00
5.170000000000000000e+02 3.546257395151821146e-01 2.583376489673649079e+00
5.180000000000000000e+02 3.830875741713264948e-01 2.317087373862395605e+00
5.190000000000000000e+02 3.691754119888860375e-01 2.592191883250399620e+00
5.200000000000000000e+02 3.398712570198269001e-01 2.948917228681547265e+00
5.210000000000000000e+02 4.045504618597130508e-01 2.680583663888879808e+00
5.220000000000000000e+02 3.606913796378047876e-01 2.333068938942643111e+00
5.230000000000000000e+02 3.748836827856655840e-01 2.937176892349311785e+00
5.240000000000000000e+02 3.340822734242799297e-01 2.530091025807835958e+00
5.250000000000000000e+02 3.558746371351865223e-01 2.597565558364799632e+00
5.260000000000000000e+02 3.420990213390218693e-01 2.525422450443645772e+00
5.270000000000000000e+02 3.493412279410318400e-01 2.641686633685687458e+00
5.280000000000000000e+02 3.643067877200300009e-01 2.365899657773542053e+00
5.290000000000000000e+02 3.320727917004604457e-01 2.450377191079629480e+00
5.300000000000000000e+02 3.362056487782407732e-01 2.549123574806763326e+00
5.310000000000000000e+02 3.611929954755311867e-01 2.620719189042443720e+00
5.320000000000000000e+02 3.453767689824065457e-01 2.540729092477678197e+00
5.330000000000000000e+02 3.188096590360490756e-01 2.554902935887242155e+00
5.340000000000000000e+02 3.580668475439976461e-01 2.664915738449440408e+00
5.350000000000000000e+02 4.449773547904832260e-01 2.788300500689326000e+00
5.360000000000000000e+02 2.990718820978931491e-01 2.325398159027099787e+00
5.370000000000000000e+02 3.772592147637869320e-01 2.848908858041505621e+00
5.380000000000000000e+02 3.296807234992786273e-01 2.328801158097413282e+00
5.390000000000000000e+02 3.380486881418778289e-01 2.879177791148692656e+00
5.400000000000000000e+02 3.430374805521739234e-01 2.668067676527006160e+00
5.410000000000000000e+02 2.837709438929158501e-01 2.617237184498760971e+00
5.420000000000000000e+02 4.439659533672311031e-01 2.726440533861383742e+00
5.430000000000000000e+02 3.486440400688015639e-01 2.341694776217142948e+00
5.440000000000000000e+02 3.625768889121863126e-01 2.525439969698588083e+00
5.450000000000000000e+02 3.252619355749359897e-01 2.209341692817103908e+00
5.460000000000000000e+02 3.360132062931373009e-01 2.906122982609379513e+00
5.470000000000000000e+02 3.100358922343994794e-01 2.551791543359155146e+00
5.480000000000000000e+02 3.882986586825287745e-01 2.473179237262622898e+00
5.490000000000000000e+02 3.461191261909445926e-01 2.635411008628639085e+00
5.500000000000000000e+02 4.003228024372322280e-01 2.492044593622018578e+00
5.510000000000000000e+02 3.692438053812759358e-01 2.437381952732533108e+00
5.520000000000000000e+02 3.093109856545685488e-01 2.527593261916358358e+00
5.530000000000000000e+02 4.302011450281791327e-01 2.448043232995110507e+00
5.540000000000000000e+02 3.336684114622826547e-01 2.799208212543178309e+00
5.550000000000000000e+02 3.690559425964896612e-01 2.612510809382877053e+00
5.560000000000000000e+02 3.941068151181827961e-01 2.735870418033084395e+00
5.570000000000000000e+02 3.252518166233139829e-01 2.450688198880032420e+00
5.580000000000000000e+02 3.500787012977039092e-01 2.938827530757801121e+00
5.590000000000000000e+02 3.426389762782378612e-01 2.388638335305291349e+00
5.600000000000000000e+02 3.229188029882552602e-01 2.390856348072086579e+00
5.610000000000000000e+02 3.331527427142980113e-01 2.654137973742442203e+00
5.620000000000000000e+02 3.394000919880867939e-01 2.665625437315519708e+00
5.630000000000000000e+02 3.452016091620435656e-01 2.869965062699876501e+00
5.640000000000000000e+02 3.558322689995090382e-01 2.358584322370924191e+00
5.650000000000000000e+02 2.924855853221854374e-01 2.945245395479975326e+00
5.660000000000000000e+02 3.807549232956146112e-01 2.735582488721555627e+00
5.670000000000000000e+02 3.394150276640383601e-01 2.391447835355191565e+00
5.680000000000000000e+02 3.175468685694948778e-01 2.361033712958430453e+00
5.690000000000000000e+02 3.581653298924163953e-01 2.256519394307523019e+00
5.700000000000000000e+02 3.099441277708785969e-01 2.475678283244640010e+00
5.710000000000000000e+02 3.366427765855370957e-01 2.862167220502286558e+00
5.720000000000000000e+02 4.120462453625851063e-01 2.489635903341276268e+00
5.730000000000000000e+02 3.052324386591622196e-01 2.556253308004087010e+00
5.740000000000000000e+02 3.243341979998858871e-01 3.039337879043441770e+00
5.750000000000000000e+02 3.195126519587034308e-01 2.342188233942598785e+00
5.760000000000000000e+02 3.424132909807154346e-01 2.712130737304687678e+00
5.770000000000000000e+02 3.711058964362275447e-01 2.658270195475569864e+00
5.780000000000000000e+02 2.512994347786416949e-01 2.513319657085178349e+00
5.790000000000000000e+02 3.614201189600806385e-01 2.289370837512317181e+00
5.800000000000000000e+02 3.202867379851151997e-01 2.362462260701634786e+00
5.810000000000000000e+02 3.414021642855005756e-01 2.743242093893858868e+00
5.820000000000000000e+02 3.467396575500780176e-01 2.332249119260289660e+00
5.830000000000000000e+02 3.174855609295855752e-01 2.588736579010078476e+00
5.840000000000000000e+02 3.075313692487131045e-01 2.473537555041613878e+00
5.850000000000000000e+02 4.004147909575674902e-01 2.870944793159897479e+00
5.860000000000000000e+02 3.004293585348489226e-01 2.526480154303817116e+00
5.870000000000000000e+02 3.394328711424803857e-01 2.475578629863154578e+00
5.880000000000000000e+02 3.152567694173467605e-01 2.444508113302625851e+00
5.890000000000000000e+02 3.593843309380857498e-01 2.414690170846543804e+00
5.900000000000000000e+02 3.577062637882946761e-01 2.514058522920350924e+00
5.910000000000000000e+02 3.541694058064343009e-01 2.477655570141903851e+00
5.920000000000000000e+02 2.894623885124265605e-01 2.422303096453348736e+00
5.930000000000000000e+02 3.453077975670739153e-01 2.172640731742790265e+00
5.940000000000000000e+02 3.396079080909964465e-01 2.494275909286361337e+00
5.950000000000000000e+02 3.839411448155130580e-01 2.291725081151670285e+00
5.960000000000000000e+02 3.066518706044027431e-01 2.619826792596696929e+00
5.970000000000000000e+02 3.422716652874814303e-01 2.500033403302098112e+00
5.980000000000000000e+02 3.547026856323348132e-01 2.604679677293107343e+00
5.990000000000000000e+02 3.261393334237053798e-01 2.463676027134732216e+00
6.000000000000000000e+02 3.271174470979493210e-01 2.682863697060593466e+00
6.010000000000000000e+02 3.484645708832694311e-01 2.977545565957421481e+00
6.020000000000000000e+02 3.163587018373348325e-01 2.699059035541774954e+00
6.030000000000000000e+02 3.350606654141659035e-01 2.816772433873769188e+00
6.040000000000000000e+02 3.461236593214890300e-01 2.696820963825191431e+00
6.050000000000000000e+02 3.136306019308635062e-01 2.370765724268045549e+00
6.060000000000000000e+02 3.425373330307642794e-01 2.547668129259401670e+00
6.070000000000000000e+02 3.523232166921902997e-01 2.362961434458827004e+00
6.080000000000000000e+02 3.165873780238385171e-01 2.812139027827494697e+00
6.090000000000000000e+02 3.526183736287624715e-01 2.399420686455460139e+00
6.100000000000000000e+02 3.395868016749012397e-01 2.330524865786234745e+00
6.110000000000000000e+02 3.183716211420689612e-01 2.543428294937889689e+00
6.120000000000000000e+02 3.464517312457510712e-01 2.508096395312128912e+00
6.130000000000000000e+02 3.065984702992196054e-01 2.467956049700041010e+00
6.140000000000000000e+02 4.036338399838659829e-01 2.608081675005388789e+00
6.150000000000000000e+02 2.862936125922467268e-01 2.579507112717843054e+00
6.160000000000000000e+02 3.374544841294385700e-01 2.776737985310253620e+00
6.170000000000000000e+02 3.173820672264325848e-01 2.588742917722409942e+00
6.180000000000000000e+02 3.672340258000538205e-01 2.729887243648907003e+00
6.190000000000000000e+02 3.340178540013293285e-01 2.741020118868028987e+00
6.200000000000000000e+02 3.294842432793478326e-01 2.414707802759634703e+00
6.210000000000000000e+02 3.180347102862279285e-01 2.473585600036758425e+00
6.220000000000000000e+02 3.247264242049641148e-01 2.664059593870832909e+00
6.230000000000000000e+02 3.039186681062102657e-01 2.774428190733935207e+00
6.240000000000000000e+02 3.346615273277370184e-01 2.562761948774526566e+00
6.250000000000000000e+02 3.107608511466871115e-01 2.980236950436153887e+00
6.260000000000000000e+02 3.725258754002148120e-01 2.385747533660750985e+00
6.270000000000000000e+02 3.026960062076477498e-01 2.467263368443326055e+00
6.280000000000000000e+02 3.697968675013707518e-01 2.607760042757601315e+00
6.290000000000000000e+02 2.968853662568251561e-01 2.979924586442139756e+00
6.300000000000000000e+02 3.145635914049710880e-01 2.496478890513514681e+00
6.310000000000000000e+02 3.297915914214616939e-01 2.430412175633885674e+00
6.320000000000000000e+02 3.150941927621128125e-01 2.539275279238417227e+00
6.330000000000000000e+02 3.602649022121818811e-01 2.793079116752555713e+00
6.340000000000000000e+02 3.016580722192830910e-01 2.799307968165423599e+00
6.350000000000000000e+02 2.841173093571418562e-01 2.516257148820000733e+00
6.360000000000000000e+02 3.243370494111910141e-01 2.488951740608559060e+00
6.370000000000000000e+02 3.380611650567910687e-01 2.676271161517581376e+00
6.380000000000000000e+02 3.614109205579850159e-01 2.533425169162922153e+00
6.390000000000000000e+02 3.372022607648859083e-01 2.642215788579201696e+00
6.400000000000000000e+02 2.554247827327363329e-01 3.146860088314022086e+00
6.410000000000000000e+02 3.442731522611535144e-01 2.761514840469704080e+00
6.420000000000000000e+02 2.846123302972299318e-01 2.269931810825794649e+00
6.430000000000000000e+02 3.472212486881382509e-01 2.614007515735454312e+00
6.440000000000000000e+02 3.133228662697423728e-01 2.924919888350340891e+00
6.450000000000000000e+02 2.661389889461653335e-01 2.502953716870900625e+00
6.460000000000000000e+02 3.164754889623069278e-01 2.463782499287579419e+00
6.470000000000000000e+02 3.449796652886791826e-01 2.618010560671488296e+00
6.480000000000000000e+02 3.036338918823368593e-01 2.411210272763226303e+00
6.490000000000000000e+02 2.581433379346489421e-01 2.410614561605024075e+00
6.500000000000000000e+02 3.327186738774735586e-01 2.790040711239651472e+00
6.510000000000000000e+02 3.218422371073396127e-01 2.519213254172522731e+00
6.520000000000000000e+02 3.119036498270472690e-01 2.557847582327353209e+00
6.530000000000000000e+02 2.961310881228763625e-01 2.300767814790880550e+00
6.540000000000000000e+02 3.282087511755196751e-01 2.792078496958758205e+00
6.550000000000000000e+02 2.888680367293406381e-01 2.549081634508596927e+00
6.560000000000000000e+02 3.354497170265839934e-01 2.362172136006054579e+00
6.570000000000000000e+02 2.968829218062877251e-01 2.712340975666905241e+00
6.580000000000000000e+02 3.012138878052331714e-01 2.496536339940251370e+00
6.590000000000000000e+02 2.843999112129364515e-01 2.587027719214155752e+00
6.600000000000000000e+02 3.206402931770059306e-01 2.524413618311151630e+00
6.610000000000000000e+02 3.631927352635093698e-01 2.796689237130654870e+00
6.620000000000000000e+02 2.909241605471629688e-01 2.631401930199013250e+00
6.630000000000000000e+02 3.498007908733793969e-01 2.456086671030199398e+00
6.640000000000000000e+02 2.959981150428294683e-01 2.497388481879019739e+00
6.650000000000000000e+02 3.463298882148703739e-01 2.353302022036131369e+00
6.660000000000000000e+02 2.836927401790697578e-01 2.713721115739495815e+00
6.670000000000000000e+02 3.179332967425549938e-01 2.626489346091811505e+00
6.680000000000000000e+02 3.206108756819550099e-01 2.539281022870862881e+00
6.690000000000000000e+02 3.209176181444262643e-01 2.415581026163187151e+00
6.700000000000000000e+02 3.290153745811467689e-01 2.518335613474115497e+00
6.710000000000000000e+02 3.221857514859165494e-01 2.488177068491239652e+00
6.720000000000000000e+02 2.867763611342427077e-01 2.477696526587546355e+00
6.730000000000000000e+02 3.127130887553600802e-01 2.304890141615996590e+00
6.740000000000000000e+02 2.760056264609204724e-01 2.683387363923562585e+00
6.750000000000000000e+02 3.015649929186519085e-01 2.751633610166944965e+00
6.760000000000000000e+02 3.000592736713798003e-01 2.654704461441383501e+00
6.770000000000000000e+02 3.309304309096268160e-01 2.801277454049737603e+00
6.780000000000000000e+02 3.086721885152593492e-01 2.817353065379030852e+00
6.790000000000000000e+02 3.437926530330372432e-01 2.672356552691073084e+00
6.800000000000000000e+02 3.571537887656897614e-01 3.015119931719324686e+00
6.810000000000000000e+02 2.901466005693845163e-01 2.373791138116303934e+00
6.820000000000000000e+02 3.351347283900942831e-01 2.460998383943024947e+00
6.830000000000000000e+02 3.215690312130972672e-01 2.571499553886619882e+00
6.840000000000000000e+02 3.253202910268496173e-01 2.576054761216447275e+00
6.850000000000000000e+02 2.738369005430976721e-01 2.357375699979765038e+00
6.860000000000000000e+02 3.076032994740955373e-01 2.348051353188248314e+00
6.870000000000000000e+02 2.911877524435146358e-01 2.285663834133663475e+00
6.880000000000000000e+02 3.021663446509146311e-01 2.596360188561516846e+00
6.890000000000000000e+02 2.998231426755389450e-01 2.466750970831862233e+00
6.900000000000000000e+02 2.905024105490508490e-01 2.820188590427776809e+00
6.910000000000000000e+02 3.121524831498912467e-01 2.476244840536031777e+00
6.920000000000000000e+02 3.069688288894987793e-01 2.763961394493644086e+00
6.930000000000000000e+02 3.015404420391637474e-01 2.750495675447824695e+00
6.940000000000000000e+02 3.037671345679223145e-01 2.474392987586356618e+00
6.950000000000000000e+02 3.199659723063555949e-01 2.539914151677140186e+00
6.960000000000000000e+02 3.349499871579278421e-01 2.410181239703753864e+00
6.970000000000000000e+02 2.794065875853255498e-01 2.468123564419445692e+00
6.980000000000000000e+02 2.867975294369699557e-01 2.733960930506388554e+00
6.990000000000000000e+02 3.205489682857675660e-01 2.697041341420766347e+00
7.000000000000000000e+02 3.155439111766144000e-01 2.500349677790392633e+00
7.010000000000000000e+02 2.910920944547952249e-01 2.551551500097051228e+00
7.020000000000000000e+02 3.249290305872678530e-01 2.433484662330902548e+00
7.030000000000000000e+02 3.043416003988004825e-01 2.709520126677848140e+00
7.040000000000000000e+02 2.926647629401470385e-01 2.740197677225679751e+00
7.050000000000000000e+02 2.869103315384963215e-01 3.281313917658350565e+00
7.060000000000000000e+02 3.073205308632204757e-01 2.649690456648130521e+00
7.070000000000000000e+02 2.877021630190009782e-01 2.673833298897958066e+00
7.080000000000000000e+02 3.172112419044743614e-01 2.389719485377406194e+00
7.090000000000000000e+02 2.499662936595825891e-01 2.552383797796996756e+00
7.100000000000000000e+02 3.271295659372168152e-01 2.369539232082195301e+00
7.110000000000000000e+02 2.821449844964912801e-01 2.496451970263644515e+00
7.120000000000000000e+02 3.783075294189172100e-01 2.674276817381918914e+00
7.130000000000000000e+02 2.685021427442804143e-01 2.539159906232679287e+00
7.140000000000000000e+02 3.211022626734921781e-01 2.628985847009194909e+00
7.150000000000000000e+02 2.636538912691373526e-01 2.551161857338639205e+00
7.160000000000000000e+02 2.802190574805835666e-01 2.748354487161378756e+00
7.170000000000000000e+02 2.954163742557744943e-01 2.546607950141837939e+00
7.180000000000000000e+02 3.661469408511042745e-01 2.645904279399562409e+00
7.190000000000000000e+02 2.766265168177838296e-01 2.463729339462142676e+00
7.200000000000000000e+02 3.148502002898295737e-01 2.538838622376725418e+00
7.210000000000000000e+02 2.732753844797927156e-01 2.604180341153531586e+00
7.220000000000000000e+02 2.936866880983722283e-01 2.621864772487330963e+00
7.230000000000000000e+02 3.186964702149560624e-01 2.741648665741757362e+00
7.240000000000000000e+02 2.912979486341379376e-01 2.566977095818734345e+00
7.250000000000000000e+02 2.907392069776399413e-01 2.506783269761919009e+00
7.260000000000000000e+02 2.821981676398336858e-01 2.605969111983840403e+00
7.270000000000000000e+02 3.176758755073274543e-01 2.692364935617189037e+00
7.280000000000000000e+02 3.003198374999636600e-01 2.796248167914313409e+00
7.290000000000000000e+02 3.269249389749352419e-01 2.799453390825976218e+00
7.300000000000000000e+02 2.787817046824479505e-01 2.997898179346376590e+00
7.310000000000000000e+02 2.872603021067628992e-01 2.618635141097747532e+00
7.320000000000000000e+02 3.340069052252799264e-01 2.736834276259482390e+00
7.330000000000000000e+02 2.609104428212253302e-01 2.748773830645793392e+00
7.340000000000000000e+02 2.933875699191175190e-01 2.549045332702430500e+00
7.350000000000000000e+02 3.157431009630671803e-01 2.616996459488396098e+00
7.360000000000000000e+02 3.199909285187395591e-01 2.604850805450130036e+00
7.370000000000000000e+02 3.044516841147502650e-01 2.446583124538799670e+00
7.380000000000000000e+02 2.516271382266161427e-01 2.316002184850675771e+00
7.390000000000000000e+02 3.193445217152764970e-01 2.501159694602897776e+00
7.400000000000000000e+02 2.850834353237736152e-01 2.487949600735225975e+00
7.410000000000000000e+02 2.907303241710563202e-01 2.336345746925285294e+00
7.420000000000000000e+02 3.098522956570915476e-01 2.412184250032579413e+00
7.430000000000000000e+02 2.917128884214527651e-01 2.437364098617622599e+00
7.440000000000000000e+02 2.916869637956115979e-01 2.837672882251911499e+00
7.450000000000000000e+02 2.987264841034704133e-01 2.593938565039419775e+00
7.460000000000000000e+02 2.836160318030721550e-01 2.819343499879579440e+00
7.470000000000000000e+02 3.525761779401916374e-01 2.362116505219055806e+00
7.480000000000000000e+02 2.865225775064081937e-01 2.543029242807680390e+00
7.490000000000000000e+02 2.808175456740630849e-01 2.485898138810922475e+00
7.500000000000000000e+02 3.514027028543167952e-01 2.505924737534007463e+00
7.510000000000000000e+02 2.995500678818229234e-01 2.580101017909007144e+00
7.520000000000000000e+02 2.646192282021629927e-01 2.629975230844171286e+00
7.530000000000000000e+02 3.541761640517366305e-01 2.545491215345021985e+00
7.540000000000000000e+02 2.662264987522242055e-01 2.381047143699886348e+00
7.550000000000000000e+02 2.913488903560765841e-01 2.480363343320451275e+00
7.560000000000000000e+02 2.526578132231366292e-01 2.629173508420720839e+00
7.570000000000000000e+02 3.040642145265055052e-01 2.794198354944452678e+00
7.580000000000000000e+02 2.897803884226468063e-01 2.137799741448582758e+00
7.590000000000000000e+02 3.335490912141095832e-01 2.439578333631291951e+00
7.600000000000000000e+02 3.330677003428644256e-01 2.413020306664544368e+00
7.610000000000000000e+02 2.817542535803161940e-01 2.444052392512828575e+00
7.620000000000000000e+02 2.766085264409027245e-01 2.398253540198008071e+00
7.630000000000000000e+02 3.039638519756437396e-01 3.013800129804525163e+00
7.640000000000000000e+02 3.095844210980502886e-01 2.413758541227461141e+00
7.650000000000000000e+02 2.855547468326105065e-01 2.683934831189679571e+00
7.660000000000000000e+02 2.699644865506157787e-01 2.623646837526613318e+00
7.670000000000000000e+02 2.913191209105879809e-01 2.669392687350780058e+00
7.680000000000000000e+02 2.935180431122605960e-01 2.268105012661701725e+00
7.690000000000000000e+02 2.748170566773388002e-01 2.825104281923792371e+00
7.700000000000000000e+02 3.297660184643112502e-01 2.557857721775501858e+00
7.710000000000000000e+02 2.807028371144505985e-01 2.504645481625118908e+00
7.720000000000000000e+02 2.915560250235929574e-01 2.427565966855298463e+00
7.730000000000000000e+02 2.752498388050952371e-01 2.448966022439905021e+00
7.740000000000000000e+02 2.592849679005101993e-01 2.554718553053366037e+00
7.750000000000000000e+02 2.745669479876224894e-01 2.501172188166025379e+00
7.760000000000000000e+02 2.636168611221100244e-01 2.628190672505009484e+00
7.770000000000000000e+02 3.097758749068497686e-01 2.628750988277229084e+00
7.780000000000000000e+02 2.625406328208592655e-01 2.561886376303595281e+00
7.790000000000000000e+02 2.901271414367903034e-01 2.468970184283213687e+00
7.800000000000000000e+02 2.621666409665511788e-01 2.546814508266276977e+00
7.810000000000000000e+02 2.975223153020223332e-01 3.308282784728316717e+00
7.820000000000000000e+02 2.803263340373428614e-01 2.797144658930666772e+00
7.830000000000000000e+02 2.890543019093445021e-01 2.606849340275601445e+00
7.840000000000000000e+02 2.779273273964777413e-01 2.364596609596733678e+00
7.850000000000000000e+02 2.663099801934993294e-01 2.439648187912262234e+00
7.860000000000000000e+02 3.143669376414668371e-01 2.502490939750327659e+00
7.870000000000000000e+02 2.681968201903041638e-01 2.439388947658710727e+00
7.880000000000000000e+02 2.800588059189253465e-01 2.136691761124241307e+00
7.890000000000000000e+02 2.641796900488336819e-01 2.349462387798068708e+00
7.900000000000000000e+02 2.985767870159676263e-01 2.400413571606885288e+00
7.910000000000000000e+02 2.685048794935087635e-01 2.564294928258603612e+00
7.920000000000000000e+02 2.986741010437876653e-01 2.638120905343476874e+00
7.930000000000000000e+02 2.513225033972666944e-01 2.447298345909462380e+00
7.940000000000000000e+02 2.570864364526365131e-01 2.572416613767813054e+00
7.950000000000000000e+02 2.836828943561668370e-01 2.225929180566255106e+00
7.960000000000000000e+02 2.911318112544867276e-01 2.495171387990315903e+00
7.970000000000000000e+02 2.681862212063465534e-01 2.604544591688894961e+00
7.980000000000000000e+02 2.873344318781101414e-01 2.446205281996512326e+00
7.990000000000000000e+02 2.677312468828236258e-01 2.411912644661224459e+00
8.000000000000000000e+02 2.983881070525670753e-01 2.400777709376704649e+00
8.010000000000000000e+02 2.604539868517488643e-01 2.739921356965829613e+00
8.020000000000000000e+02 3.030726396178348714e-01 2.557687154761305592e+00
8.030000000000000000e+02 2.526165751203662269e-01 2.941817840799555217e+00
8.040000000000000000e+02 3.230535280415598454e-01 2.575546453450177076e+00
8.050000000000000000e+02 3.046161222142765301e-01 2.618170156994381603e+00
8.060000000000000000e+02 2.640906451242832076e-01 2.507850641388076784e+00
8.070000000000000000e+02 3.080755398862713990e-01 2.489375259425189224e+00
8.080000000000000000e+02 2.880382836870723495e-01 2.236929943969657941e+00
8.090000000000000000e+02 2.616938126026367439e-01 2.472492651037267564e+00
8.100000000000000000e+02 2.446008431059973620e-01 2.456820356738460109e+00
8.110000000000000000e+02 2.720651351431453424e-01 2.960779613847130953e+00
8.120000000000000000e+02 2.997573627805223406e-01 2.324163108473425332e+00
8.130000000000000000e+02 2.925424320984705284e-01 2.417490982579755254e+00
8.140000000000000000e+02 2.493908469644980641e-01 2.825544269235284567e+00
8.150000000000000000e+02 2.933642440682799890e-01 2.362984390731330375e+00
8.160000000000000000e+02 2.527018258512431781e-01 2.564779361518653822e+00
8.170000000000000000e+02 3.040169882473600094e-01 2.556389292725571583e+00
8.180000000000000000e+02 2.766450647729856716e-01 2.749386444607296642e+00
8.190000000000000000e+02 3.195418738847604079e-01 3.106099035503627981e+00
8.200000000000000000e+02 2.854530185643028850e-01 2.203587072174828521e+00
8.210000000000000000e+02 2.740469987314267941e-01 2.428024525470561912e+00
8.220000000000000000e+02 2.715654391035133286e-01 2.679282008849822816e+00
8.230000000000000000e+02 2.771294290820757733e-01 2.312180532958056478e+00
8.240000000000000000e+02 2.741370955974500312e-01 2.349867710122117259e+00
8.250000000000000000e+02 2.404740053502459340e-01 2.695485518000147351e+00
8.260000000000000000e+02 2.838931269943714142e-01 2.345315950303464181e+00
8.270000000000000000e+02 2.852563967751499119e-01 2.633733573260608196e+00
8.280000000000000000e+02 2.676474238091413049e-01 2.316915835346187613e+00
8.290000000000000000e+02 2.690721743417029410e-01 2.383520281529641238e+00
8.300000000000000000e+02 2.845656802701486687e-01 2.625308579152768829e+00
8.310000000000000000e+02 2.702237235392456749e-01 2.608886405583974444e+00
8.320000000000000000e+02 2.743975680950617724e-01 2.250368298281420376e+00
8.330000000000000000e+02 2.612457068958179973e-01 2.447903282363135702e+00
8.340000000000000000e+02 2.621980519750082839e-01 2.474699094703605606e+00
8.350000000000000000e+02 2.632215809452367328e-01 2.619783173165879830e+00
8.360000000000000000e+02 2.866325780597268058e-01 2.453342355049408230e+00
8.370000000000000000e+02 2.425785232691325399e-01 2.445646857356166048e+00
8.380000000000000000e+02 3.178693373896637753e-01 2.459012462534345911e+00
8.390000000000000000e+02 2.284535633565604462e-01 2.464336171021332511e+00
8.400000000000000000e+02 3.483419912554393538e-01 2.371412447121766132e+00
8.410000000000000000e+02 2.999441087702099384e-01 2.576431316513199121e+00
8.420000000000000000e+02 2.423954147024781347e-01 2.463551155726114938e+00
8.430000000000000000e+02 2.859189710408454044e-01 3.358406719431146659e+00
8.440000000000000000e+02 2.518027102870967204e-01 2.553053523398734370e+00
8.450000000000000000e+02 2.615470497735908895e-01 2.440443872761082211e+00
8.460000000000000000e+02 2.929687313693580819e-01 2.514365123413704328e+00
8.470000000000000000e+02 2.363752248130707445e-01 2.424334189913294413e+00
8.480000000000000000e+02 2.906681344065131234e-01 2.589095176447619107e+00
8.490000000000000000e+02 3.108570477869427862e-01 2.477438580452858918e+00
8.500000000000000000e+02 2.710277222629104421e-01 2.413405782682401579e+00
8.510000000000000000e+02 2.756921614731134285e-01 2.484993334503861284e+00
8.520000000000000000e+02 2.483123935074830479e-01 2.711998354636870889e+00
8.530000000000000000e+02 2.607517359367380605e-01 2.135510979471979986e+00
8.540000000000000000e+02 2.712856954352449446e-01 2.453676941158535296e+00
8.550000000000000000e+02 2.763472024579437525e-01 2.623189236666705337e+00
8.560000000000000000e+02 3.118364673689134614e-01 2.525069687173173261e+00
8.570000000000000000e+02 2.674630534049856068e-01 2.964827792923729888e+00
8.580000000000000000e+02 2.713335132872571887e-01 2.567798607843416292e+00
8.590000000000000000e+02 3.004207410072774476e-01 2.568735934807373500e+00
8.600000000000000000e+02 2.638550073440585897e-01 2.371975376262321245e+00
8.610000000000000000e+02 2.748449208461662963e-01 2.469772104100063981e+00
8.620000000000000000e+02 2.461527278573494293e-01 2.778860227266947369e+00
8.630000000000000000e+02 2.364489612150557085e-01 2.375902402723157891e+00
8.640000000000000000e+02 2.763740314718766133e-01 2.599924325298618832e+00
8.650000000000000000e+02 2.850092369275864512e-01 2.531107751743213452e+00
8.660000000000000000e+02 2.946259015657770597e-01 2.470858200391133686e+00
8.670000000000000000e+02 2.689152103114135772e-01 2.856779153926952475e+00
8.680000000000000000e+02 2.491004589793025248e-01 2.739015676524187981e+00
8.690000000000000000e+02 2.819967368417933828e-01 2.635937666033839388e+00
8.700000000000000000e+02 2.753077702102612601e-01 2.668180381285177649e+00
8.710000000000000000e+02 2.611356799197807055e-01 2.211309872661625153e+00
8.720000000000000000e+02 2.654057284246902348e-01 2.694114244091618371e+00
8.730000000000000000e+02 3.040029729976735373e-01 2.607997821257995064e+00
8.740000000000000000e+02 2.411922988435874493e-01 2.532683650867359137e+00
8.750000000000000000e+02 2.704515753787716803e-01 2.803641133480244019e+00
8.760000000000000000e+02 3.211064606775678731e-01 2.355257826452856751e+00
8.770000000000000000e+02 2.435285136110813542e-01 2.386177196588602278e+00
8.780000000000000000e+02 2.676049467597037546e-01 2.469677734589791562e+00
8.790000000000000000e+02 2.453281852007678510e-01 2.530014035938022321e+00
8.800000000000000000e+02 2.535996999739451030e-01 2.603819081375190692e+00
8.810000000000000000e+02 2.508157326760694916e-01 2.574233354534114948e+00
8.820000000000000000e+02 2.581227293701086056e-01 2.552394660313924035e+00
8.830000000000000000e+02 2.634636819369823857e-01 2.280020080815564398e+00
8.840000000000000000e+02 2.325679910981768017e-01 2.409385273048469500e+00
8.850000000000000000e+02 2.678368261379385773e-01 2.827738161129994321e+00
8.860000000000000000e+02 3.081079886705503923e-01 2.321100600667902025e+00
8.870000000000000000e+02 2.335888212736771941e-01 2.734119499481475923e+00
8.880000000000000000e+02 2.697353933881126986e-01 2.434500171901943233e+00
8.890000000000000000e+02 2.574943381524940622e-01 2.606696945697337675e+00
8.900000000000000000e+02 2.510359330052217008e-01 2.554453570133930818e+00
8.910000000000000000e+02 2.725035950850390742e-01 2.505364543038445468e+00
8.920000000000000000e+02 2.703541497814105354e-01 2.279687614269084950e+00
8.930000000000000000e+02 2.702112294375542123e-01 2.387263033841107163e+00
8.940000000000000000e+02 2.910387231982560774e-01 2.486428134935396272e+00
8.950000000000000000e+02 2.811918447834874657e-01 2.773444826538498553e+00
8.960000000000000000e+02 2.436072133647922411e-01 2.700353982641890305e+00
8.970000000000000000e+02 2.612278905138792351e-01 2.710673930408718402e+00
8.980000000000000000e+02 2.673430219136996300e-01 2.598945615313074775e+00
8.990000000000000000e+02 2.415601819102334569e-01 2.740865873216508763e+00
9.000000000000000000e+02 2.982954070362346943e-01 2.295212558153513438e+00
9.010000000000000000e+02 3.253062198864346555e-01 2.580328409736220685e+00
9.020000000000000000e+02 2.731114599016267186e-01 2.869834957896052252e+00
9.030000000000000000e+02 2.508218205654695887e-01 2.745263583166105192e+00
9.040000000000000000e+02 2.493375135690725775e-01 2.691770204337867511e+00
9.050000000000000000e+02 2.723449637139703783e-01 2.480586627582172188e+00
9.060000000000000000e+02 2.661999461604586115e-01 2.576735243496594219e+00
9.070000000000000000e+02 2.458446744087710578e-01 2.737891334671158194e+00
9.080000000000000000e+02 2.504803853765879551e-01 2.405275179888751058e+00
9.090000000000000000e+02 2.593667216068599179e-01 2.594353543423317365e+00
9.100000000000000000e+02 2.785184074665560394e-01 2.482190024530565253e+00
9.110000000000000000e+02 2.587619903107538644e-01 2.240960993852701311e+00
9.120000000000000000e+02 2.649677868069856279e-01 2.529075597857569857e+00
9.130000000000000000e+02 2.622133502474786049e-01 2.569884644327936840e+00
9.140000000000000000e+02 2.388977318422675078e-01 2.331308417921667875e+00
9.150000000000000000e+02 2.250466810561214948e-01 2.213024106970778337e+00
9.160000000000000000e+02 2.510659876081235975e-01 2.539971802900503395e+00
9.170000000000000000e+02 2.434321861284905186e-01 2.625082323787448768e+00
9.180000000000000000e+02 2.669206791029527515e-01 2.602568165461222272e+00
9.190000000000000000e+02 2.487323417716062190e-01 2.637252434094746967e+00
9.200000000000000000e+02 2.449694318263147264e-01 2.507994384379000241e+00
9.210000000000000000e+02 2.326064271911938153e-01 2.647656817049593325e+00
9.220000000000000000e+02 2.478098060846539441e-01 2.232219838881277951e+00
9.230000000000000000e+02 2.781855571178757369e-01 2.305747119370881393e+00
9.240000000000000000e+02 2.649530739733749751e-01 2.590087802345688139e+00
9.250000000000000000e+02 2.578139191111165074e-01 2.895899702622009908e+00
9.260000000000000000e+02 2.198233880927550066e-01 2.716919458234632323e+00
9.270000000000000000e+02 2.637862464957503317e-01 2.504161816674309815e+00
9.280000000000000000e+02 2.242443213365324373e-01 2.592238032066070286e+00
9.290000000000000000e+02 2.916805051146223460e-01 2.537450255789198472e+00
9.300000000000000000e+02 2.078117202143088260e-01 2.931819518407186020e+00
9.310000000000000000e+02 3.085689835098324729e-01 2.672942233944798573e+00
9.320000000000000000e+02 2.367038813355983040e-01 2.337945759189021366e+00
9.330000000000000000e+02 2.950827017194221358e-01 2.712537663476961125e+00
9.340000000000000000e+02 2.421376404943486049e-01 2.625104608406891860e+00
9.350000000000000000e+02 2.399472862304875553e-01 2.546253018765836096e+00
9.360000000000000000e+02 2.497059026999133013e-01 2.371517279341414319e+00
9.370000000000000000e+02 2.742918900176870567e-01 2.387372027538918307e+00
9.380000000000000000e+02 2.746945172101790122e-01 2.756624175406791277e+00
9.390000000000000000e+02 2.294855007559669369e-01 2.359841490006661768e+00
9.400000000000000000e+02 2.452456636715601990e-01 2.376765818424053212e+00
9.410000000000000000e+02 3.409118117166258788e-01 2.638756346917367157e+00
9.420000000000000000e+02 2.426103099596550461e-01 2.730888897234255097e+00
9.430000000000000000e+02 2.428216993432805171e-01 2.227618153889973751e+00
9.440000000000000000e+02 2.836035259676222831e-01 2.297978181344968895e+00
9.450000000000000000e+02 2.388807151733303713e-01 2.337833404541015625e+00
9.460000000000000000e+02 2.511301125038643001e-01 2.573236723848291163e+00
9.470000000000000000e+02 2.634456247347127800e-01 2.546596759074442939e+00
9.480000000000000000e+02 2.412043935334196032e-01 2.579538968232300888e+00
9.490000000000000000e+02 2.447916917819052962e-01 2.417198345682642469e+00
9.500000000000000000e+02 2.539192126836689600e-01 2.446178799706536289e+00
9.510000000000000000e+02 2.321991116872855476e-01 2.472256256223798854e+00
9.520000000000000000e+02 3.084585540716180407e-01 2.386746792535523909e+00
9.530000000000000000e+02 2.392320728413989961e-01 2.366527793643710798e+00
9.540000000000000000e+02 2.599093338132512643e-01 2.511656804127736287e+00
9.550000000000000000e+02 2.365751236356302689e-01 2.947881659086760031e+00
9.560000000000000000e+02 2.992578531631449601e-01 2.560881169744440022e+00
9.570000000000000000e+02 2.536306898446001323e-01 2.392079772605552268e+00
9.580000000000000000e+02 2.329979933874339604e-01 2.491847069199020659e+00
9.590000000000000000e+02 2.454667214496369931e-01 2.570130053082027910e+00
9.600000000000000000e+02 2.446252018126384986e-01 2.194942598514728616e+00
9.610000000000000000e+02 2.458817667728755429e-01 2.454881434182862865e+00
9.620000000000000000e+02 2.408877136755962767e-01 2.368186620334247205e+00
9.630000000000000000e+02 2.336571103130412885e-01 2.449881209339107357e+00
9.640000000000000000e+02 3.020353060495272746e-01 2.509860245386759559e+00
9.650000000000000000e+02 2.598314711792032439e-01 2.321108003779574602e+00
9.660000000000000000e+02 2.392298209859725910e-01 2.358279428610930761e+00
9.670000000000000000e+02 2.373285381938594896e-01 2.369295218828562088e+00
9.680000000000000000e+02 2.368394856895068012e-01 2.364434129053408107e+00
9.690000000000000000e+02 2.232036043186577112e-01 2.595865748164889908e+00
9.700000000000000000e+02 2.596241026798303264e-01 2.307858475693711497e+00
9.710000000000000000e+02 2.964754122956358984e-01 2.276730729223371608e+00
9.720000000000000000e+02 2.124643316275434124e-01 2.549952442796380669e+00
9.730000000000000000e+02 2.509631561505991648e-01 2.262054102807431466e+00
9.740000000000000000e+02 2.563945332043101599e-01 2.510900134009284024e+00
9.750000000000000000e+02 2.441047800424377412e-01 2.730525535291379757e+00
9.760000000000000000e+02 2.762026158275949772e-01 2.336215927579381457e+00
9.770000000000000000e+02 2.564225512329700307e-01 2.323356666221275013e+00
9.780000000000000000e+02 2.725903574498820814e-01 2.424949611199868738e+00
9.790000000000000000e+02 2.308128054274559415e-01 2.514650374060278359e+00
9.800000000000000000e+02 2.498885579305447635e-01 2.553954973306741927e+00
9.810000000000000000e+02 2.708802454325617837e-01 2.413352903159888818e+00
9.820000000000000000e+02 2.805401289635928164e-01 2.505417111542847852e+00
9.830000000000000000e+02 2.470413913862624378e-01 2.455514269261746652e+00
9.840000000000000000e+02 2.525095452816276120e-01 2.440262895446639657e+00
9.850000000000000000e+02 2.205536771274141661e-01 2.462515974689174492e+00
9.860000000000000000e+02 2.442936547053850549e-01 2.438467481114842794e+00
9.870000000000000000e+02 2.690889831286965017e-01 2.366493131448556664e+00
9.880000000000000000e+02 2.446598336100578308e-01 2.459527672518480923e+00
9.890000000000000000e+02 2.533075629745326074e-01 2.273140088717142682e+00
9.900000000000000000e+02 2.567292247748769740e-01 2.462490205507020580e+00
9.910000000000000000e+02 2.413284014548286727e-01 2.413820420729147376e+00
9.920000000000000000e+02 2.573223598965893033e-01 2.513432396854366146e+00
9.930000000000000000e+02 2.624273590387953825e-01 2.518339496260290744e+00
9.940000000000000000e+02 2.391727059030770430e-01 2.381563341295397151e+00
9.950000000000000000e+02 2.303721653472643460e-01 2.624846803390227912e+00
9.960000000000000000e+02 2.526705969563829979e-01 2.330134307371603430e+00
9.970000000000000000e+02 2.511996507342942331e-01 2.502865895494684523e+00
9.980000000000000000e+02 2.266913163361203853e-01 2.243949221920322756e+00
9.990000000000000000e+02 2.645722812808787849e-01 2.446500261624654282e+00
1.000000000000000000e+03 2.333432169538036116e-01 2.344722522056854608e+00
