1.000000000000000000e+00 5.036864024624795988e+00 1.064977940629292963e+00
2.000000000000000000e+00 3.218984723408038651e+00 3.079602108484620349e+00
3.000000000000000000e+00 2.747829572181051727e+00 2.641349361110501004e+00
4.000000000000000000e+00 2.878334644590801350e+00 1.696241698191191416e+00
5.000000000000000000e+00 2.547265722290870560e+00 6.587834411874609053e-01
6.000000000000000000e+00 2.722541343728611452e+00 1.170591086211377974e+00
7.000000000000000000e+00 2.554589403406275938e+00 1.901791659100547260e+00
8.000000000000000000e+00 2.499586335600375797e+00 6.635394230076467892e+00
9.000000000000000000e+00 2.452593917551925351e+00 2.053976547465847347e+00
1.000000000000000000e+01 2.487159634673554720e+00 3.734012404698723309e+00
1.100000000000000000e+01 2.375950362263517857e+00 1.201436167527367482e+00
1.200000000000000000e+01 2.383963491757351338e+00 1.568883685730353195e+00
1.300000000000000000e+01 2.443250559431957569e+00 6.754913929410287787e-01
1.400000000000000000e+01 2.230733568191448413e+00 9.017465576236453062e-01
1.500000000000000000e+01 2.118965288761881283e+00 7.297619645293975665e-01
1.600000000000000000e+01 2.391080720095461576e+00 1.202128950963784693e+00
1.700000000000000000e+01 2.080091623428288461e+00 1.539932191005604967e+00
1.800000000000000000e+01 1.957132130005367010e+00 7.986478338526457055e-01
1.900000000000000000e+01 2.339488336539014668e+00 4.395794968497057198e+00
2.000000000000000000e+01 1.921028260270459587e+00 4.254165056955260482e+00
2.100000000000000000e+01 1.972760805799804729e+00 7.876846610132218762e-01
2.200000000000000000e+01 2.101628309728851285e+00 6.758313003008357134e-01
2.300000000000000000e+01 2.139069085603062526e+00 8.000542815503829397e-01
2.400000000000000000e+01 1.855991659012246719e+00 2.089848513256522988e+00
2.500000000000000000e+01 1.926546958553764011e+00 9.841595398939267270e+00
2.600000000000000000e+01 1.869157075776365140e+00 7.142390891381220630e-01
2.700000000000000000e+01 2.002086733350360248e+00 1.213927317375186332e+00
2.800000000000000000e+01 1.738172883802469260e+00 1.143451203890722079e+00
2.900000000000000000e+01 2.227259941434656554e+00 1.250553337206644411e+00
3.000000000000000000e+01 1.825198140281993231e+00 2.299492020297604800e+00
3.100000000000000000e+01 1.829432512369226105e+00 9.648030629210591069e-01
3.200000000000000000e+01 1.732539721931892540e+00 1.063939532769024643e+00
3.300000000000000000e+01 1.892305046157761961e+00 1.429892856046042438e+00
3.400000000000000000e+01 2.034789581089577748e+00 1.205154954250435617e+00
3.500000000000000000e+01 1.884527790183379015e+00 2.279458526668446172e+00
3.600000000000000000e+01 1.683443511816415272e+00 9.369483584198430304e-01
3.700000000000000000e+01 1.789881938499303882e+00 1.838428889895224350e+00
3.800000000000000000e+01 1.663846226270740081e+00 4.047874896191015814e+00
3.900000000000000000e+01 2.027190125837983192e+00 2.353815688812689988e+00
4.000000000000000000e+01 1.480511414738223674e+00 1.427888378589741603e+00
4.100000000000000000e+01 2.102866635311690935e+00 1.279705258461516948e+00
4.200000000000000000e+01 1.627354456827806883e+00 1.867647424464572437e+00
4.300000000000000000e+01 1.736880074473137636e+00 1.042758659152169809e+00
4.400000000000000000e+01 1.851445467544583501e+00 6.293701689836876945e-01
4.500000000000000000e+01 1.741131765029143574e+00 9.151045460880016247e-01
4.600000000000000000e+01 1.854890133990600987e+00 9.096077727120596146e-01
4.700000000000000000e+01 1.610237404279879270e+00 4.002552367933316368e+00
4.800000000000000000e+01 1.509133214012105428e+00 6.380672696556038970e-01
4.900000000000000000e+01 1.971704732879645761e+00 2.835302422349302187e+00
5.000000000000000000e+01 1.677834307665223124e+00 2.959466862167022150e+00
5.100000000000000000e+01 1.463610484987749372e+00 1.412253595044985044e+00
5.200000000000000000e+01 1.613857601551299314e+00 1.783262770440922296e+00
5.300000000000000000e+01 1.487841204516224591e+00 1.213684394609302997e+00
5.400000000000000000e+01 1.623073415260341434e+00 1.379277431655839381e+00
5.500000000000000000e+01 1.672024540185808483e+00 1.100787509250520158e+00
5.600000000000000000e+01 1.586049816709883764e+00 1.127250673802163261e+00
5.700000000000000000e+01 1.948655606221243675e+00 1.141934059196206164e+00
5.800000000000000000e+01 1.653569244598809274e+00 6.411514488826988156e-01
5.900000000000000000e+01 1.336901152229055478e+00 1.283948123739217628e+00
6.000000000000000000e+01 1.444715859600056440e+00 7.628765113305420176e-01
6.100000000000000000e+01 1.537296158360674125e+00 1.805197186599329040e+00
6.200000000000000000e+01 1.668943595571313443e+00 1.338453259110379712e+00
6.300000000000000000e+01 1.528158068567087691e+00 1.225964937465658267e+00
6.400000000000000000e+01 1.549000156635187198e+00 5.696898068793126990e-01
6.500000000000000000e+01 1.632152822092930444e+00 6.514809114128102818e-01
6.600000000000000000e+01 1.373428013474277121e+00 1.323244194121625084e+00
6.700000000000000000e+01 1.509160362083608709e+00 5.722904449508606772e-01
6.800000000000000000e+01 1.825208207988353815e+00 1.146993158240852573e+00
6.900000000000000000e+01 1.207632383133502740e+00 1.030302962112874310e+00
7.000000000000000000e+01 1.435337057776819636e+00 7.644796399588345004e-01
7.100000000000000000e+01 1.824782137913509406e+00 6.752467327556962440e-01
7.200000000000000000e+01 1.349658609764126549e+00 8.531325157860536468e-01
7.300000000000000000e+01 1.375037663968373236e+00 2.108279989404033383e+00
7.400000000000000000e+01 1.290709317998683270e+00 6.375479860202419857e-01
7.500000000000000000e+01 1.367328503353855362e+00 9.173921474230090078e-01
7.600000000000000000e+01 1.564676138173991760e+00 1.843922632971736419e+00
7.700000000000000000e+01 1.382161170516213344e+00 2.858109378541183521e+00
7.800000000000000000e+01 1.370760225994168024e+00 9.768994973086628786e-01
7.900000000000000000e+01 1.322410535745502491e+00 1.400485578840054535e+00
8.000000000000000000e+01 1.406640530266660249e+00 6.893526180974774986e-01
8.100000000000000000e+01 1.468818522164403007e+00 9.999795486446785286e-01
8.200000000000000000e+01 1.367704224552294789e+00 2.356481837768094501e+00
8.300000000000000000e+01 1.360232645843891364e+00 1.062731176272869504e+00
8.400000000000000000e+01 1.311159886187079016e+00 1.781904040719243687e+00
8.500000000000000000e+01 1.380447987582150038e+00 1.623984343637584704e+00
8.600000000000000000e+01 1.290699172981178755e+00 2.680835560052983180e+00
8.700000000000000000e+01 1.381885389719019086e+00 1.562447750419200698e+00
8.800000000000000000e+01 1.270477733385080743e+00 7.874568772543314443e-01
8.900000000000000000e+01 1.311372749145394589e+00 7.992398807478133804e-01
9.000000000000000000e+01 1.377342652767262532e+00 7.793034349032039731e-01
9.100000000000000000e+01 1.444012878211730522e+00 2.083650118430479203e+00
9.200000000000000000e+01 1.275221099437436001e+00 1.325586896838178541e+00
9.300000000000000000e+01 1.389131611390727938e+00 2.738365286208591431e+00
9.400000000000000000e+01 1.340735239775687981e+00 4.216501968836187331e+00
9.500000000000000000e+01 1.223962189261761369e+00 4.885279096867245485e+00
9.600000000000000000e+01 1.287132714211037365e+00 8.121256567404580018e-01
9.700000000000000000e+01 1.298005404114413786e+00 1.199657038742225623e+00
9.800000000000000000e+01 1.312172014013283317e+00 1.145949056360946017e+00
9.900000000000000000e+01 1.098486195212581062e+00 9.180279763790648584e-01
1.000000000000000000e+02 1.354904351397733686e+00 2.302780813056891418e+00
1.010000000000000000e+02 1.175687984628992044e+00 1.142529993938532940e+00
1.020000000000000000e+02 1.350693088143073206e+00 1.283914364084015380e+00
1.030000000000000000e+02 1.203176350511135029e+00 7.625851346195383629e-01
1.040000000000000000e+02 1.163713014659319311e+00 1.225463949428056587e+00
1.050000000000000000e+02 1.428593107933456396e+00 1.271513808887181129e+00
1.060000000000000000e+02 1.181223401205429679e+00 2.176045522932962051e+00
1.070000000000000000e+02 1.243307436938901889e+00 1.186444527555048367e+00
1.080000000000000000e+02 1.200469757487883093e+00 4.699140262138431723e+00
1.090000000000000000e+02 1.094976253344027928e+00 1.092543872106593872e+00
1.100000000000000000e+02 1.187432788414121809e+00 6.327852929306257979e-01
1.110000000000000000e+02 1.044404135735143013e+00 1.483227280258279768e+00
1.120000000000000000e+02 1.258735444030849138e+00 7.996612011640376050e-01
1.130000000000000000e+02 1.320817689220679547e+00 1.278872341863340312e+00
1.140000000000000000e+02 9.838588605535790732e-01 1.183185127942297798e+00
1.150000000000000000e+02 1.197262530302607209e+00 3.343617845908322561e+00
1.160000000000000000e+02 1.020565823154723661e+00 1.610900045542381642e+00
1.170000000000000000e+02 1.187181094383939817e+00 6.682762943376943099e-01
1.180000000000000000e+02 1.106834235467093475e+00 5.495849159014487562e-01
1.190000000000000000e+02 1.111444394350211695e+00 8.798000740466797032e-01
1.200000000000000000e+02 1.177545999857805059e+00 1.584098972366840830e+00
1.210000000000000000e+02 9.376837690776090861e-01 1.017716141881618741e+00
1.220000000000000000e+02 1.123759913512393460e+00 2.028808726133230156e+00
1.230000000000000000e+02 1.208880167864659239e+00 1.216444460442012154e+00
1.240000000000000000e+02 1.109097275788446746e+00 9.395002213809572345e-01
1.250000000000000000e+02 1.157642495494426660e+00 8.324322945846819310e-01
1.260000000000000000e+02 9.564329148821122395e-01 1.833738930070499595e+00
1.270000000000000000e+02 1.191572336522287001e+00 9.136359067422841207e-01
1.280000000000000000e+02 1.046339537523843566e+00 6.662287718446590290e+00
1.290000000000000000e+02 9.779803087102606485e-01 4.822071383728316007e+00
1.300000000000000000e+02 8.929270223852359134e-01 9.408072220923043849e-01
1.310000000000000000e+02 1.230004498155880865e+00 1.006454122453679378e+00
1.320000000000000000e+02 1.160054721096728692e+00 8.583561834014499237e-01
1.330000000000000000e+02 1.109136217294041771e+00 1.262351863388154083e+00
1.340000000000000000e+02 1.131029063716847860e+00 1.082271937511781301e+00
1.350000000000000000e+02 9.081526287735987024e-01 9.067739164401222851e-01
1.360000000000000000e+02 9.715519881945975378e-01 1.576773242600910452e+00
1.370000000000000000e+02 1.037409337726787006e+00 1.131928846843904823e+00
1.380000000000000000e+02 9.894690744196421583e-01 2.472560711995353433e+00
1.390000000000000000e+02 9.753109106294455266e-01 1.014235384820009189e+00
1.400000000000000000e+02 9.064523449652180931e-01 8.145402965887368341e-01
1.410000000000000000e+02 1.054525056865899479e+00 1.338013583077151125e+00
1.420000000000000000e+02 1.046482327612156649e+00 1.099040984132807708e+00
1.430000000000000000e+02 9.243796450987159519e-01 8.292852029097804722e-01
1.440000000000000000e+02 9.750459779041984465e-01 8.947219269814167264e-01
1.450000000000000000e+02 1.062198707723621460e+00 8.739411967126063940e-01
1.460000000000000000e+02 9.204456607326035877e-01 6.493266941058195574e-01
1.470000000000000000e+02 1.161707370564994068e+00 7.343562729701097469e-01
1.480000000000000000e+02 8.657390138883441777e-01 7.499322315613617951e-01
1.490000000000000000e+02 8.496265905711715138e-01 1.468833140913436974e+00
1.500000000000000000e+02 9.494381345247668857e-01 3.325493500293792870e+00
1.510000000000000000e+02 7.872094072674143961e-01 1.275210363148790327e+00
1.520000000000000000e+02 1.081397597142990552e+00 2.705685191060704042e+00
1.530000000000000000e+02 8.260345284014523060e-01 7.120237182803602627e-01
1.540000000000000000e+02 9.244092995873111063e-01 1.771030462532347416e+00
1.550000000000000000e+02 9.615759760812629953e-01 7.716634587181623317e-01
1.560000000000000000e+02 1.041710777387720332e+00 2.103825777191868696e+00
1.570000000000000000e+02 7.586116335810498823e-01 8.316460021630515120e-01
1.580000000000000000e+02 9.572149904374732676e-01 1.398352000813518403e+00
1.590000000000000000e+02 8.249344141087240345e-01 1.436896350922971077e+00
1.600000000000000000e+02 1.102395683526992798e+00 9.414901333784460036e-01
1.610000000000000000e+02 7.965938449579696989e-01 2.089923740125952722e+00
1.620000000000000000e+02 8.679309384792072146e-01 2.108477133902342704e+00
1.630000000000000000e+02 1.019150955404372949e+00 1.015461905001350695e+00
1.640000000000000000e+02 7.697452930879384869e-01 1.537698799222530166e+00
1.650000000000000000e+02 9.182259312184484212e-01 1.307663041698669870e+00
1.660000000000000000e+02 7.706564667832495052e-01 7.684718350190513636e-01
1.670000000000000000e+02 8.087690856228483272e-01 8.988617507161414943e-01
1.680000000000000000e+02 8.888783194102863883e-01 1.036913372447472170e+00
1.690000000000000000e+02 9.187594750344149075e-01 1.985172933169570664e+00
1.700000000000000000e+02 8.898762120859592395e-01 1.065395681029885022e+00
1.710000000000000000e+02 8.536908708255135370e-01 1.626824081095026520e+00
1.720000000000000000e+02 8.831331308718692874e-01 1.128724753692373239e+00
1.730000000000000000e+02 8.374214172562911562e-01 1.422252631620798180e+00
1.740000000000000000e+02 8.016628760832527067e-01 6.954514447630730789e-01
1.750000000000000000e+02 9.570682668622504385e-01 1.107625064223614064e+00
1.760000000000000000e+02 8.921253705263277878e-01 7.405577290123850354e-01
1.770000000000000000e+02 8.049905200549768436e-01 1.148686069457906189e+00
1.780000000000000000e+02 9.088456028073357285e-01 1.053518678366924810e+00
1.790000000000000000e+02 8.790948099278389494e-01 1.078465603212065638e+00
1.800000000000000000e+02 7.824866615449784790e-01 9.202824396672919516e-01
1.810000000000000000e+02 7.840141359434987800e-01 2.167885850706494200e+00
1.820000000000000000e+02 7.827936560976078706e-01 8.169120139441273798e-01
1.830000000000000000e+02 9.183322183951894147e-01 1.366586138544264584e+00
1.840000000000000000e+02 7.344795757990271179e-01 1.312482154078968177e+00
1.850000000000000000e+02 7.630662638583315394e-01 9.512035499845272746e-01
1.860000000000000000e+02 8.299494374739627700e-01 8.335046019045474486e-01
1.870000000000000000e+02 7.785281746953234272e-01 3.657742614497089928e+00
1.880000000000000000e+02 7.688351103164617895e-01 8.728314567184135564e-01
1.890000000000000000e+02 8.957688944189829972e-01 9.611114213716003274e-01
1.900000000000000000e+02 7.518498585530184464e-01 9.161908584130712407e-01
1.910000000000000000e+02 8.164403589688322693e-01 1.164504953257126774e+00
1.920000000000000000e+02 7.479757614334574534e-01 8.030369054521649952e-01
1.930000000000000000e+02 8.289986133368323351e-01 6.588347194021449971e-01
1.940000000000000000e+02 8.197227220514117230e-01 8.780348696374069561e-01
1.950000000000000000e+02 8.013947999109067855e-01 6.354428058594501216e-01
1.960000000000000000e+02 7.891192024954697404e-01 7.215015884395578061e-01
1.970000000000000000e+02 7.526260471472256963e-01 1.322659950592378619e+00
1.980000000000000000e+02 7.795010338593775234e-01 9.384164877182608056e-01
1.990000000000000000e+02 7.631243151870179542e-01 1.386699019059876248e+00
2.000000000000000000e+02 7.398018087555048306e-01 1.100150494797419443e+00
2.010000000000000000e+02 6.965250074289496274e-01 7.401845829474770211e-01
2.020000000000000000e+02 7.893886290385196958e-01 1.400983248585313312e+00
2.030000000000000000e+02 7.212707161913363141e-01 2.920274561468658270e+00
2.040000000000000000e+02 7.655494294802986932e-01 1.080271375666375766e+00
2.050000000000000000e+02 7.207627965858370844e-01 1.609973261405905909e+00
2.060000000000000000e+02 7.490849874780813877e-01 8.333772385983557740e-01
2.070000000000000000e+02 7.448120582376224208e-01 8.757829550738058799e-01
2.080000000000000000e+02 6.930121723520369370e-01 1.036013959843723020e+00
2.090000000000000000e+02 7.283407605858212008e-01 1.040686899172286406e+00
2.100000000000000000e+02 8.029477069986626914e-01 7.691232769975396844e-01
2.110000000000000000e+02 7.495626547542434404e-01 1.307795673033779860e+00
2.120000000000000000e+02 6.943068589213844399e-01 1.595107672820411659e+00
2.130000000000000000e+02 7.551330429786694554e-01 1.621721304882055792e+00
2.140000000000000000e+02 6.994300243702340492e-01 9.886507682049373580e-01
2.150000000000000000e+02 7.131019655419619241e-01 7.440316004520981519e-01
2.160000000000000000e+02 7.714974365018784086e-01 1.601647747660564169e+00
2.170000000000000000e+02 7.507094925328251511e-01 1.182181504289747220e+00
2.180000000000000000e+02 7.305040421831661135e-01 1.098392144183010011e+00
2.190000000000000000e+02 7.093933158063872035e-01 1.072525288709866631e+00
2.200000000000000000e+02 6.646994104536995129e-01 7.982259393504269607e-01
2.210000000000000000e+02 6.797230725665492912e-01 8.014469163601105617e-01
2.220000000000000000e+02 7.393011249639895865e-01 2.158222027131854848e+00
2.230000000000000000e+02 6.705363528241686799e-01 1.900501895540519293e+00
2.240000000000000000e+02 6.688191906537261922e-01 1.013873013910860710e+00
2.250000000000000000e+02 8.171520852979193839e-01 1.198147392595304561e+00
2.260000000000000000e+02 6.697587541455218840e-01 9.321006671286879985e-01
2.270000000000000000e+02 7.514457341630105258e-01 8.376447581425220390e-01
2.280000000000000000e+02 7.061926297862795021e-01 1.577572463060306296e+00
2.290000000000000000e+02 6.779081252344111297e-01 1.401158852074228633e+00
2.300000000000000000e+02 7.454717074771826102e-01 1.068593223220685395e+00
2.310000000000000000e+02 6.292556183308021245e-01 1.711612411207465101e+00
2.320000000000000000e+02 6.549894731617509347e-01 1.587613845405560609e+00
2.330000000000000000e+02 7.435465824121927358e-01 9.690866442008723158e-01
2.340000000000000000e+02 7.102707973089906757e-01 9.898219682782426476e-01
2.350000000000000000e+02 6.175739206875886511e-01 8.428392165825570048e-01
2.360000000000000000e+02 6.977228717283999737e-01 1.504215666662382045e+00
2.370000000000000000e+02 6.129798421760986882e-01 8.993435995087152302e-01
2.380000000000000000e+02 7.255669735530589914e-01 1.342707170775166770e+00
2.390000000000000000e+02 7.175493598102477000e-01 1.111239611798357840e+00
2.400000000000000000e+02 6.775145828723907471e-01 7.880266538162907786e-01
2.410000000000000000e+02 5.970291679368989746e-01 7.561435348812726165e-01
2.420000000000000000e+02 6.865606176701460894e-01 8.115600629379979836e-01
2.430000000000000000e+02 6.232197076571324157e-01 7.828262847103401034e-01
2.440000000000000000e+02 7.207385501328934518e-01 9.285843510289495395e-01
2.450000000000000000e+02 6.053468541067608122e-01 9.786277655556495647e-01
2.460000000000000000e+02 6.534437481721002694e-01 8.896412926862578008e-01
2.470000000000000000e+02 5.718316345455798366e-01 1.758849864761224069e+00
2.480000000000000000e+02 6.895035419224063711e-01 1.166249424696448100e+00
2.490000000000000000e+02 6.328444826476117280e-01 1.147761687436568367e+00
2.500000000000000000e+02 6.994291496054104718e-01 1.289044749733233797e+00
2.510000000000000000e+02 6.523646869240923296e-01 1.636619879796443966e+00
2.520000000000000000e+02 5.964076340954617139e-01 1.031013290529917414e+00
2.530000000000000000e+02 7.072865324938485410e-01 1.358343127373432768e+00
2.540000000000000000e+02 6.840388146896991817e-01 1.752247834322847586e+00
2.550000000000000000e+02 5.858342575673934904e-01 2.317410609532809307e+00
2.560000000000000000e+02 6.469301865138905594e-01 1.476492416340063007e+00
2.570000000000000000e+02 5.922151897746714688e-01 8.801143422713936237e-01
2.580000000000000000e+02 6.767415640632241658e-01 1.078337814951930484e+00
2.590000000000000000e+02 5.658014364965415766e-01 1.692585061227678489e+00
2.600000000000000000e+02 6.448185287349357253e-01 5.742817251844258841e-01
2.610000000000000000e+02 6.371852853830825003e-01 1.233298812736451922e+00
2.620000000000000000e+02 6.853885700891717558e-01 3.588335526261269948e+00
2.630000000000000000e+02 6.145536865663806525e-01 1.289528366102791423e+00
2.640000000000000000e+02 6.351609786457204088e-01 6.206992579772802054e-01
2.650000000000000000e+02 5.953807860268506280e-01 1.328935947766498593e+00
2.660000000000000000e+02 6.074493619442026260e-01 9.828473990971802188e-01
2.670000000000000000e+02 7.249765568773500757e-01 1.300976191866028531e+00
2.680000000000000000e+02 5.765480027357597903e-01 6.131121768339740097e-01
2.690000000000000000e+02 6.095069296296833361e-01 1.127619901620943832e+00
2.700000000000000000e+02 6.131922775758008592e-01 2.008892479604631909e+00
2.710000000000000000e+02 6.208467947586311375e-01 1.602770907180528059e+00
2.720000000000000000e+02 6.217230121678946064e-01 9.526339821934841634e-01
2.730000000000000000e+02 5.796565070584881463e-01 1.007711810522731621e+00
2.740000000000000000e+02 6.412075599267945680e-01 1.017706943802419994e+00
2.750000000000000000e+02 6.341091386385554474e-01 1.241880739549523494e+00
2.760000000000000000e+02 6.283880912084528481e-01 1.259424343580852979e+00
2.770000000000000000e+02 6.398934171765351397e-01 1.412880480271698547e+00
2.780000000000000000e+02 5.854260241786688468e-01 1.992107916592272820e+00
2.790000000000000000e+02 5.948014330157260776e-01 1.253543699863982841e+00
2.800000000000000000e+02 6.211661290460661622e-01 1.024066390383087333e+00
2.810000000000000000e+02 5.725696029439899526e-01 8.331864047240514770e-01
2.820000000000000000e+02 6.316418234150652511e-01 1.149892331688210811e+00
2.830000000000000000e+02 5.933798619446258860e-01 1.244961021612348340e+00
2.840000000000000000e+02 5.838045211460366479e-01 1.613632930031976498e+00
2.850000000000000000e+02 5.800206870237387680e-01 1.280233924224954967e+00
2.860000000000000000e+02 5.717578201963255946e-01 1.016202917697709651e+00
2.870000000000000000e+02 5.726475883451506155e-01 1.183367466152211556e+00
2.880000000000000000e+02 6.479340059545325436e-01 1.700589198614687048e+00
2.890000000000000000e+02 5.836092530009155954e-01 1.289381370303599672e+00
2.900000000000000000e+02 5.604449137433943351e-01 1.583635989172524017e+00
2.910000000000000000e+02 6.167338988626361873e-01 1.200085669529487697e+00
2.920000000000000000e+02 5.200285296161939463e-01 2.663093152481516235e+00
2.930000000000000000e+02 5.328149587155526223e-01 1.200957684328111341e+00
2.940000000000000000e+02 5.900289431085820047e-01 6.067338759374846235e-01
2.950000000000000000e+02 5.475996090850169251e-01 1.010287533881624400e+00
2.960000000000000000e+02 5.728209236279450112e-01 1.176723885628549127e+00
2.970000000000000000e+02 5.882000388496636534e-01 9.121668444140520471e-01
2.980000000000000000e+02 5.735150792211840542e-01 1.106673644080811370e+00
2.990000000000000000e+02 5.670544786910101109e-01 8.759171797098043166e-01
3.000000000000000000e+02 5.460095481544215978e-01 1.311819521490488860e+00
3.010000000000000000e+02 5.814514234942785853e-01 1.677438100557929745e+00
3.020000000000000000e+02 5.394038145008432927e-01 2.035775129466858235e+00
3.030000000000000000e+02 5.955761949999851534e-01 1.541319398544684249e+00
3.040000000000000000e+02 5.715694898303519400e-01 1.523350908304425877e+00
3.050000000000000000e+02 5.093983365013043940e-01 1.434716119598575146e+00
3.060000000000000000e+02 6.708598865253346810e-01 1.206983321160966183e+00
3.070000000000000000e+02 4.910286098281186895e-01 1.242013965916505702e+00
3.080000000000000000e+02 6.590870880535636411e-01 1.965413704971839426e+00
3.090000000000000000e+02 5.526839007257686731e-01 1.736782555340725898e+00
3.100000000000000000e+02 5.936995688234752988e-01 9.645527430118480128e-01
3.110000000000000000e+02 5.631517232098477432e-01 2.438094726496146336e+00
3.120000000000000000e+02 5.520628819549155963e-01 1.267874261273317593e+00
3.130000000000000000e+02 5.472271376809791921e-01 1.272211917872508424e+00
3.140000000000000000e+02 4.811096517963612262e-01 9.171802518096739965e-01
3.150000000000000000e+02 6.643310256738556019e-01 1.008408827789314399e+00
3.160000000000000000e+02 5.874581358479034066e-01 1.519409218316851051e+00
3.170000000000000000e+02 5.155080406210944544e-01 1.399241377969180355e+00
3.180000000000000000e+02 4.810627310866738005e-01 7.770252305352716160e-01
3.190000000000000000e+02 5.362727451831736936e-01 4.515740200965992379e+00
3.200000000000000000e+02 6.022726999360104028e-01 1.462847822591111902e+00
3.210000000000000000e+02 5.765234503171607905e-01 1.438897483490398477e+00
3.220000000000000000e+02 5.263364197556710256e-01 1.453662028436297105e+00
3.230000000000000000e+02 5.722541709212546346e-01 9.272645490246250732e-01
3.240000000000000000e+02 5.283937432463919892e-01 1.458204431505929266e+00
3.250000000000000000e+02 5.836085123161611765e-01 1.018099348295004924e+00
3.260000000000000000e+02 5.750313818599473992e-01 9.729063919477866085e-01
3.270000000000000000e+02 4.967727930621897992e-01 1.251905091173493911e+00
3.280000000000000000e+02 4.788220637998513163e-01 1.027280587876155726e+00
3.290000000000000000e+02 5.271405800047865853e-01 1.198996280884998544e+00
3.300000000000000000e+02 5.922690683628489827e-01 9.657885613135274161e-01
3.310000000000000000e+02 5.150945821002950176e-01 3.311654324007261785e+00
3.320000000000000000e+02 5.168826202762887290e-01 2.057786509163757493e+00
3.330000000000000000e+02 5.603298453074523344e-01 9.016338690529278610e-01
3.340000000000000000e+02 5.333386378243882842e-01 1.096249310297534141e+00
3.350000000000000000e+02 6.119067036130115822e-01 1.070192984104405109e+00
3.360000000000000000e+02 5.098942018566413603e-01 1.480529911132336229e+00
3.370000000000000000e+02 4.792182753853341248e-01 1.706505628260511997e+00
3.380000000000000000e+02 5.598848773377408383e-01 1.928265597258336017e+00
3.390000000000000000e+02 5.748162026259493462e-01 1.389947513271571733e+00
3.400000000000000000e+02 5.437021467250807705e-01 2.501876541525480668e+00
3.410000000000000000e+02 5.144922089018504341e-01 9.271396244426520772e-01
3.420000000000000000e+02 4.993553196496151592e-01 1.341971968355032407e+00
3.430000000000000000e+02 4.912011891192412105e-01 1.018846393266472861e+00
3.440000000000000000e+02 6.419882343170491001e-01 1.402350712620849649e+00
3.450000000000000000e+02 4.614463289324410855e-01 1.053620517822215552e+00
3.460000000000000000e+02 5.462746530980867599e-01 1.341256141711439254e+00
3.470000000000000000e+02 4.999176939059010727e-01 1.521283030350103038e+00
3.480000000000000000e+02 5.234183185595147059e-01 1.394295274101295501e+00
3.490000000000000000e+02 5.288105903184464607e-01 1.307424848619515467e+00
3.500000000000000000e+02 5.457879658747588625e-01 1.179621108338076985e+00
3.510000000000000000e+02 4.097900731449431455e-01 9.884437511234374085e-01
3.520000000000000000e+02 5.875115271482717061e-01 1.191914598349841370e+00
3.530000000000000000e+02 5.139088739599603217e-01 1.213674786628287317e+00
3.540000000000000000e+02 5.090520603666950361e-01 1.355197902284873468e+00
3.550000000000000000e+02 4.526099372122701636e-01 1.168028189710766496e+00
3.560000000000000000e+02 5.450079027598581094e-01 9.737948758418852879e-01
3.570000000000000000e+02 5.409907828341135039e-01 1.939651790744357562e+00
3.580000000000000000e+02 4.563463979416992333e-01 8.684744076343769992e-01
3.590000000000000000e+02 5.214289066919897131e-01 3.046843448660477627e+00
3.600000000000000000e+02 5.001978413809184953e-01 1.325395046874294769e+00
3.610000000000000000e+02 5.482132295344738226e-01 1.487167084192206667e+00
3.620000000000000000e+02 4.743656110825435479e-01 8.943060462288692225e-01
3.630000000000000000e+02 5.307305665431105712e-01 1.288985263409716975e+00
3.640000000000000000e+02 5.113446284860639901e-01 1.163509722767981591e+00
3.650000000000000000e+02 5.079320572852529247e-01 9.264535197279947232e-01
3.660000000000000000e+02 5.119331813889871352e-01 1.248126590058331820e+00
3.670000000000000000e+02 4.796551044317001744e-01 9.726267706145476089e-01
3.680000000000000000e+02 5.262927901058114255e-01 1.303115597898329314e+00
3.690000000000000000e+02 4.750282111892965564e-01 1.037416095919773795e+00
3.700000000000000000e+02 5.001511890155769802e-01 1.360040655117637387e+00
3.710000000000000000e+02 5.207766703322416202e-01 1.406813534280824785e+00
3.720000000000000000e+02 5.078968664124339227e-01 1.362741323607541855e+00
3.730000000000000000e+02 4.565643861572793449e-01 7.046771905050835949e-01
3.740000000000000000e+02 4.463780245995647156e-01 7.897373765387324385e-01
3.750000000000000000e+02 4.922034564292890879e-01 9.825349695984989529e-01
3.760000000000000000e+02 4.835039420607181171e-01 9.645936538080137623e-01
3.770000000000000000e+02 5.222840781543438560e-01 2.203554967873428971e+00
3.780000000000000000e+02 4.606220997282930441e-01 1.149698022604255021e+00
3.790000000000000000e+02 5.004957927503068671e-01 1.382039265958004082e+00
3.800000000000000000e+02 4.906313740522390554e-01 1.066506454359220424e+00
3.810000000000000000e+02 4.638425400660763365e-01 1.689267424611248236e+00
3.820000000000000000e+02 4.934880113088634390e-01 1.376108272087730233e+00
3.830000000000000000e+02 4.447338054435273080e-01 9.658689053731396301e-01
3.840000000000000000e+02 4.816879850050307943e-01 8.434776094907514565e-01
3.850000000000000000e+02 5.849017769080814277e-01 1.178322486956831394e+00
3.860000000000000000e+02 5.197148750037301479e-01 9.829996661754841769e-01
3.870000000000000000e+02 4.662414027535016214e-01 1.110933764934255663e+00
3.880000000000000000e+02 4.438441312451323895e-01 7.660289198621947904e-01
3.890000000000000000e+02 5.163716382540360916e-01 1.135282761238613158e+00
3.900000000000000000e+02 4.580114085845169436e-01 1.678811120493193254e+00
3.910000000000000000e+02 5.636333127288107869e-01 2.809201603353520760e+00
3.920000000000000000e+02 5.067296006779797857e-01 1.460219588765654608e+00
3.930000000000000000e+02 5.077091568051136372e-01 1.160277423019275611e+00
3.940000000000000000e+02 4.501768767223589540e-01 1.246132699610649874e+00
3.950000000000000000e+02 4.514014912667979607e-01 2.486594700113525125e+00
3.960000000000000000e+02 5.188652644749414122e-01 2.523160888394951229e+00
3.970000000000000000e+02 4.613046830797449260e-01 1.078326325357422011e+00
3.980000000000000000e+02 4.953406925289762230e-01 1.157886353628854170e+00
3.990000000000000000e+02 4.633371640911635447e-01 1.023180476424236485e+00
4.000000000000000000e+02 4.813513198642387914e-01 1.334713336963903707e+00
4.010000000000000000e+02 4.754680580598242834e-01 1.360756450671263051e+00
4.020000000000000000e+02 4.565907618819913805e-01 1.136676906065236192e+00
4.030000000000000000e+02 4.354211741268140812e-01 1.585874628466559466e+00
4.040000000000000000e+02 5.055650610295087111e-01 9.945044509846721059e-01
4.050000000000000000e+02 5.101535701588510996e-01 1.166014312276965281e+00
4.060000000000000000e+02 4.541521991821045323e-01 1.484438095186283002e+00
4.070000000000000000e+02 4.645797693550395846e-01 2.033383483841961770e+00
4.080000000000000000e+02 4.957134626171690317e-01 1.167597689071983247e+00
4.090000000000000000e+02 4.495168859077803281e-01 1.125925366354926460e+00
4.100000000000000000e+02 4.416295400166765361e-01 1.278546353453532625e+00
4.110000000000000000e+02 5.056206397846357836e-01 8.405040797463333435e-01
4.120000000000000000e+02 4.382373028268948256e-01 2.158742921757683675e+00
4.130000000000000000e+02 4.769044787372904159e-01 1.648742996449265918e+00
4.140000000000000000e+02 4.967861015419393067e-01 1.322239483931991089e+00
4.150000000000000000e+02 3.747088298835652975e-01 1.227575318588119302e+00
4.160000000000000000e+02 5.225328863413202241e-01 1.075118151374596431e+00
4.170000000000000000e+02 4.382458656769266936e-01 1.117152450728331248e+00
4.180000000000000000e+02 4.816667804246365647e-01 1.419723438341015109e+00
4.190000000000000000e+02 4.919638854121656801e-01 1.994602426620149194e+00
4.200000000000000000e+02 3.989455899881685919e-01 1.451176618400148666e+00
4.210000000000000000e+02 4.923863250359532540e-01 1.065193622012281960e+00
4.220000000000000000e+02 4.754401168766174135e-01 1.072015884397851115e+00
4.230000000000000000e+02 4.441814785385754805e-01 1.255105638417001179e+00
4.240000000000000000e+02 4.959360623981279304e-01 9.437810029696863667e-01
4.250000000000000000e+02 4.499130575231977680e-01 1.246047542342767489e+00
4.260000000000000000e+02 3.989693119679471600e-01 1.239524523624362162e+00
4.270000000000000000e+02 5.239736104899264113e-01 2.023330390240211329e+00
4.280000000000000000e+02 4.101335100209871909e-01 1.311132263192402947e+00
4.290000000000000000e+02 4.608971799556847437e-01 2.362994039335751140e+00
4.300000000000000000e+02 4.275638389777630111e-01 8.315410045118774018e-01
4.310000000000000000e+02 4.555204836728883877e-01 1.785899853120703318e+00
4.320000000000000000e+02 4.898016089392800421e-01 1.098337115500126693e+00
4.330000000000000000e+02 4.007541027665886824e-01 1.015026108824666817e+00
4.340000000000000000e+02 4.458763900589435836e-01 1.327038144908126105e+00
4.350000000000000000e+02 4.240402805301638489e-01 1.429893976599155625e+00
4.360000000000000000e+02 4.359485740233316475e-01 3.956945298326171923e+00
4.370000000000000000e+02 4.918197489763976860e-01 1.577635948662784893e+00
4.380000000000000000e+02 4.128784841679511985e-01 1.029116396851065041e+00
4.390000000000000000e+02 4.247810663594118741e-01 1.300820706001481808e+00
4.400000000000000000e+02 4.636834982703340602e-01 1.402679220250451442e+00
4.410000000000000000e+02 4.185782315434835588e-01 1.323976458530957467e+00
4.420000000000000000e+02 4.781267035831796575e-01 1.235549858767934328e+00
4.430000000000000000e+02 4.023967086956906636e-01 1.578977455115289974e+00
4.440000000000000000e+02 3.883520552641626100e-01 1.350697535013555717e+00
4.450000000000000000e+02 5.286755679754029380e-01 1.129608768303751010e+00
4.460000000000000000e+02 4.161638939837711826e-01 2.735534455303071599e+00
4.470000000000000000e+02 4.214643681461506808e-01 1.598181931530619382e+00
4.480000000000000000e+02 4.976914854117161502e-01 2.992763667144280770e+00
4.490000000000000000e+02 4.061418590541761575e-01 1.255220940578573474e+00
4.500000000000000000e+02 4.395559855756607237e-01 7.757135082093978840e-01
4.510000000000000000e+02 5.017501252570724102e-01 1.282552436047430078e+00
4.520000000000000000e+02 4.419044035533859494e-01 2.562281792072071074e+00
4.530000000000000000e+02 4.077401364103276915e-01 9.047575255054469689e-01
4.540000000000000000e+02 4.784858310053189401e-01 1.278547761160369722e+00
4.550000000000000000e+02 4.009333335591213077e-01 1.587485245163680059e+00
4.560000000000000000e+02 4.430252244799414152e-01 1.200265528858418307e+00
4.570000000000000000e+02 4.772444132794725347e-01 1.557331152970728327e+00
4.580000000000000000e+02 4.056605237713848955e-01 1.806688028062483964e+00
4.590000000000000000e+02 4.681591570694395577e-01 1.374729889350653655e+00
4.600000000000000000e+02 4.094273490798659987e-01 1.273244767404284605e+00
4.610000000000000000e+02 4.020661977407102294e-01 1.136728266025399448e+00
4.620000000000000000e+02 4.701036116859875769e-01 1.256504997260273537e+00
4.630000000000000000e+02 3.680260800730390525e-01 1.750137366256782068e+00
4.640000000000000000e+02 3.942731039447769925e-01 8.978206585289042474e-01
4.650000000000000000e+02 4.373662142019260624e-01 1.111330925150640025e+00
4.660000000000000000e+02 4.796492581485075068e-01 3.061824073169171712e+00
4.670000000000000000e+02 4.437093214679082021e-01 1.022380406651934415e+00
4.680000000000000000e+02 4.523912355051730727e-01 1.085533285653385027e+00
4.690000000000000000e+02 3.978595230885908496e-01 9.610770652414754034e-01
4.700000000000000000e+02 4.415235477524019347e-01 1.323067221555223938e+00
4.710000000000000000e+02 4.288062075192624056e-01 1.330786754080805823e+00
4.720000000000000000e+02 4.547659211870734297e-01 1.992945252872195372e+00
4.730000000000000000e+02 4.033538269770062801e-01 1.022316342377335818e+00
4.740000000000000000e+02 4.029445955062704865e-01 9.981321051086302631e-01
4.750000000000000000e+02 4.426343860676277830e-01 1.320000504992715706e+00
4.760000000000000000e+02 3.991003423382726290e-01 1.112569824602628099e+00
4.770000000000000000e+02 4.217960746522913529e-01 1.711764126785179529e+00
4.780000000000000000e+02 4.630948267129152418e-01 1.011738686190742698e+00
4.790000000000000000e+02 4.448953988327659093e-01 1.229771311691250757e+00
4.800000000000000000e+02 4.039784278326035150e-01 1.176581575847158723e+00
4.810000000000000000e+02 4.423274272082888814e-01 1.906637227826522007e+00
4.820000000000000000e+02 4.401864443521129044e-01 8.435264582500412445e-01
4.830000000000000000e+02 3.901240315435220984e-01 1.333625498444232615e+00
4.840000000000000000e+02 4.152738492844502693e-01 1.540221667261316929e+00
4.850000000000000000e+02 4.092514739869118623e-01 2.179711932145476538e+00
4.860000000000000000e+02 4.264061600955538767e-01 9.164242556849239163e-01
4.870000000000000000e+02 4.092357038564491400e-01 1.420381365901167925e+00
4.880000000000000000e+02 4.346299027925977776e-01 1.139564329693904199e+00
4.890000000000000000e+02 4.013993835155761913e-01 1.197625206252815433e+00
4.900000000000000000e+02 3.775772236054899533e-01 2.174706650345061387e+00
4.910000000000000000e+02 4.617710595096284343e-01 1.406637619101887449e+00
4.920000000000000000e+02 4.209008425315644009e-01 1.524417732909978840e+00
4.930000000000000000e+02 3.937052992633408022e-01 1.244909202921980151e+00
4.940000000000000000e+02 4.319755973736215671e-01 1.466412352986358414e+00
4.950000000000000000e+02 3.917944826972371564e-01 1.202675762101208745e+00
4.960000000000000000e+02 4.476809693460768735e-01 1.059430303249654592e+00
4.970000000000000000e+02 4.025060347728751653e-01 1.503627783919687877e+00
4.980000000000000000e+02 4.212447645578274447e-01 1.270262958819359689e+00
4.990000000000000000e+02 4.499253704158253653e-01 1.035999971791586871e+00
5.000000000000000000e+02 3.910739134917867732e-01 8.536529536508867810e-01
5.010000000000000000e+02 4.548275522238436341e-01 1.366306955698562309e+00
5.020000000000000000e+02 3.563622827956317574e-01 1.278089175171732705e+00
5.030000000000000000e+02 4.177237748307116583e-01 8.537114871037553288e-01
5.040000000000000000e+02 4.386419200823804543e-01 1.090114930677932525e+00
5.050000000000000000e+02 4.423398605840974662e-01 8.505070192008962193e-01
5.060000000000000000e+02 3.988849989496552895e-01 1.652534053115900070e+00
5.070000000000000000e+02 3.851961497771703158e-01 2.408657504261179305e+00
5.080000000000000000e+02 4.228442620701559629e-01 1.072557079768933885e+00
5.090000000000000000e+02 3.782033809767709198e-01 1.463010568420388235e+00
5.100000000000000000e+02 4.226804305898382297e-01 9.059062907305747148e-01
5.110000000000000000e+02 3.892126509422281777e-01 1.113439119109024711e+00
5.120000000000000000e+02 4.153394685622225357e-01 1.274887459370373177e+00
5.130000000000000000e+02 3.836221702312646586e-01 1.185152317818001233e+00
5.140000000000000000e+02 4.031955067147600102e-01 1.276385183857933647e+00
5.150000000000000000e+02 4.751966716905498544e-01 1.525257755412816607e+00
5.160000000000000000e+02 4.484769501329157193e-01 1.057855468252240749e+00
5.170000000000000000e+02 3.433232539747714251e-01 1.069827175946713060e+00
5.180000000000000000e+02 3.987625809377794428e-01 1.376571480686531013e+00
5.190000000000000000e+02 3.890287532926873793e-01 1.010442673378536327e+00
5.200000000000000000e+02 4.408765227603201886e-01 1.542769650181619934e+00
5.210000000000000000e+02 4.391871854989790047e-01 1.370799388909652583e+00
5.220000000000000000e+02 4.063830820772302843e-01 8.927218832155519035e-01
5.230000000000000000e+02 4.096716918674743191e-01 1.557168843386710355e+00
5.240000000000000000e+02 3.595983846549024032e-01 1.165847255374361513e+00
5.250000000000000000e+02 4.297624424934002874e-01 1.253429270348332958e+00
5.260000000000000000e+02 4.321544872634885959e-01 1.221548244126221094e+00
5.270000000000000000e+02 3.292309938451408180e-01 1.349022548987626635e+00
5.280000000000000000e+02 4.079025020783251798e-01 1.327360052424477521e+00
5.290000000000000000e+02 3.867055366014920947e-01 1.104361358910124213e+00
5.300000000000000000e+02 4.280561581643693159e-01 1.138028904964372590e+00
5.310000000000000000e+02 4.368270305084421268e-01 1.169166718268849214e+00
5.320000000000000000e+02 3.789648428692806159e-01 1.237054030733966803e+00
5.330000000000000000e+02 4.103566376039526342e-01 1.509394150702404902e+00
5.340000000000000000e+02 3.802425414698114015e-01 1.390531946617457271e+00
5.350000000000000000e+02 4.208096211895029359e-01 1.078054406310523738e+00
5.360000000000000000e+02 3.661560149590274427e-01 1.191412629393130196e+00
5.370000000000000000e+02 3.742945897065307892e-01 1.184645488281002690e+00
5.380000000000000000e+02 4.199937031941211041e-01 9.661465181888073683e-01
5.390000000000000000e+02 3.878591794061778675e-01 1.224728582651133379e+00
5.400000000000000000e+02 3.693105738176769015e-01 1.175787317292394052e+00
5.410000000000000000e+02 4.810111080542249229e-01 8.862971816393985236e-01
5.420000000000000000e+02 3.810548109418533946e-01 1.490709582638967801e+00
5.430000000000000000e+02 3.467059334849059704e-01 1.349963048417498479e+00
5.440000000000000000e+02 4.356719846777567517e-01 1.516444572390759804e+00
5.450000000000000000e+02 4.207276054912602592e-01 1.784341318237554264e+00
5.460000000000000000e+02 4.015449736753181065e-01 1.493537544555899821e+00
5.470000000000000000e+02 3.261781065387928669e-01 1.489145245829306186e+00
5.480000000000000000e+02 4.097028234643692035e-01 1.158719117170437407e+00
5.490000000000000000e+02 4.115111854251461421e-01 1.741300326937429865e+00
5.500000000000000000e+02 4.180438563325704071e-01 3.902531816094616524e+00
5.510000000000000000e+02 4.179508580068173051e-01 1.098198029997451197e+00
5.520000000000000000e+02 3.851710280522386842e-01 2.540444681662910931e+00
5.530000000000000000e+02 3.814786888043265600e-01 1.298290729682550770e+00
5.540000000000000000e+02 4.248159816219590490e-01 1.309000321682786794e+00
5.550000000000000000e+02 3.601799094638542531e-01 1.182173256377142323e+00
5.560000000000000000e+02 3.729660148799973651e-01 2.476097246603119029e+00
5.570000000000000000e+02 3.719006913494127264e-01 1.986642801239465017e+00
5.580000000000000000e+02 3.769558677544179170e-01 1.450260001779739349e+00
5.590000000000000000e+02 3.760382060008657934e-01 1.265232515313770234e+00
5.600000000000000000e+02 4.447565256106956189e-01 1.534659726267704860e+00
5.610000000000000000e+02 3.550535144492887873e-01 1.482647053568809437e+00
5.620000000000000000e+02 3.664018520368739762e-01 1.124186290692231749e+00
5.630000000000000000e+02 4.284674946612063162e-01 2.394050629261139651e+00
5.640000000000000000e+02 4.149788001672782278e-01 1.404565345580302216e+00
5.650000000000000000e+02 4.203323783970733807e-01 1.070413005730321387e+00
5.660000000000000000e+02 4.051156027480694033e-01 1.109919167353512925e+00
5.670000000000000000e+02 3.615762341883272946e-01 9.469780859951467678e-01
5.680000000000000000e+02 3.856853329931597685e-01 1.135684339593789671e+00
5.690000000000000000e+02 3.706927599013725150e-01 9.917281535370841006e-01
5.700000000000000000e+02 4.022470130215116124e-01 8.986794736693669572e-01
5.710000000000000000e+02 4.016231561590706267e-01 1.151529169302873301e+00
5.720000000000000000e+02 4.010463027257191726e-01 1.838783635368239855e+00
5.730000000000000000e+02 3.884555676542294500e-01 1.169485332197881533e+00
5.740000000000000000e+02 4.067631975118263243e-01 1.237831916913159302e+00
5.750000000000000000e+02 3.738167428230706468e-01 9.164101061398991499e-01
5.760000000000000000e+02 3.884142115194374467e-01 8.292366561165726013e-01
5.770000000000000000e+02 4.334457969644067155e-01 1.226973302116233455e+00
5.780000000000000000e+02 4.020407584035834980e-01 1.378739503306626313e+00
5.790000000000000000e+02 3.707608465496133876e-01 1.334330111613255099e+00
5.800000000000000000e+02 3.896818910323424645e-01 1.219496599104393120e+00
5.810000000000000000e+02 3.351240547198122699e-01 2.432274531692941277e+00
5.820000000000000000e+02 3.873750174395165224e-01 9.771967933505454340e-01
5.830000000000000000e+02 3.814940457897081361e-01 9.902556768493089301e-01
5.840000000000000000e+02 3.333148571149414097e-01 1.035791564519662478e+00
5.850000000000000000e+02 4.358725447738269199e-01 8.086675425172207277e-01
5.860000000000000000e+02 3.578396423425914130e-01 1.159643708771545434e+00
5.870000000000000000e+02 3.973470064680011404e-01 1.125615359009804139e+00
5.880000000000000000e+02 3.841618995400185033e-01 1.134227420046872270e+00
5.890000000000000000e+02 3.715383296853497774e-01 1.415666714346167199e+00
5.900000000000000000e+02 3.789405364957744715e-01 1.220993887895054364e+00
5.910000000000000000e+02 3.336102425731437005e-01 1.218773383065543170e+00
5.920000000000000000e+02 3.974536079684114487e-01 2.058180122408700630e+00
5.930000000000000000e+02 3.793832702436040205e-01 1.504970816946427536e+00
5.940000000000000000e+02 3.638128234033888853e-01 1.768406757252364070e+00
5.950000000000000000e+02 3.377760961972458564e-01 1.104290262104430598e+00
5.960000000000000000e+02 4.079552180574830267e-01 8.789154912841298239e-01
5.970000000000000000e+02 3.590402970922754178e-01 1.104484803437369766e+00
5.980000000000000000e+02 3.624158746763870287e-01 1.035764924036305601e+00
5.990000000000000000e+02 3.839813496873505372e-01 1.216098918320879685e+00
6.000000000000000000e+02 3.723090974825975508e-01 8.228657912014494258e-01
6.010000000000000000e+02 3.596386018403409102e-01 1.352007692579859421e+00
6.020000000000000000e+02 3.680169374701824370e-01 7.928964545033401201e-01
6.030000000000000000e+02 3.621966281130479803e-01 1.103218955810362667e+00
6.040000000000000000e+02 3.891508520668868210e-01 1.142040784944723608e+00
6.050000000000000000e+02 4.153250281585227910e-01 2.434845658394378276e+00
6.060000000000000000e+02 3.391386734364290612e-01 1.132267012641597459e+00
6.070000000000000000e+02 3.675599176510588317e-01 1.116540838854389595e+00
6.080000000000000000e+02 3.740534522431961939e-01 1.422358200469090894e+00
6.090000000000000000e+02 3.907326457901635353e-01 1.320254922929942509e+00
6.100000000000000000e+02 3.927092948492537094e-01 1.300054432726570619e+00
6.110000000000000000e+02 3.661640948229894499e-01 9.551944367596446606e-01
6.120000000000000000e+02 3.589479083668359327e-01 1.472897630429929938e+00
6.130000000000000000e+02 3.834548166524991419e-01 1.404124533495598293e+00
6.140000000000000000e+02 3.566115936858856861e-01 1.433879385563557207e+00
6.150000000000000000e+02 3.839202973285751885e-01 1.123762544204566449e+00
6.160000000000000000e+02 3.572071078014685264e-01 9.119878774941748700e-01
6.170000000000000000e+02 3.688726395806032343e-01 1.278027530542005463e+00
6.180000000000000000e+02 3.895859286347602146e-01 1.301699635738127192e+00
6.190000000000000000e+02 3.436148484069831976e-01 1.386184597425651255e+00
6.200000000000000000e+02 3.656666859033260164e-01 1.469618020117442692e+00
6.210000000000000000e+02 3.836969261636369311e-01 1.387127899468229231e+00
6.220000000000000000e+02 3.220787159278196699e-01 1.357573111875690852e+00
6.230000000000000000e+02 3.916890579890959234e-01 1.262739504300084636e+00
6.240000000000000000e+02 3.324239372097431144e-01 1.110047419729761398e+00
6.250000000000000000e+02 3.770952478049938161e-01 1.298181819120095559e+00
6.260000000000000000e+02 3.252516380982772848e-01 1.308262222936028341e+00
6.270000000000000000e+02 4.141603991305679577e-01 1.471746026954577014e+00
6.280000000000000000e+02 3.694966521697717887e-01 1.475819309602832252e+00
6.290000000000000000e+02 3.815183014479600065e-01 1.798054128459014356e+00
6.300000000000000000e+02 3.372231401661608952e-01 1.202764665981015391e+00
6.310000000000000000e+02 3.812667894879048225e-01 9.217758853969756361e-01
6.320000000000000000e+02 3.363933590973945398e-01 1.321564598388623502e+00
6.330000000000000000e+02 3.004903623986002748e-01 1.231460075909815766e+00
6.340000000000000000e+02 3.197994189032615786e-01 9.418485294738884184e-01
6.350000000000000000e+02 3.659957737469208272e-01 9.051269659233036613e-01
6.360000000000000000e+02 3.646311294510467538e-01 2.512449401731606358e+00
6.370000000000000000e+02 3.304736583758706159e-01 1.280334687186793552e+00
6.380000000000000000e+02 4.224824319068564704e-01 1.253080848040540873e+00
6.390000000000000000e+02 3.248470925343033833e-01 1.064338833155805464e+00
6.400000000000000000e+02 3.366626978505699030e-01 1.120835903829964897e+00
6.410000000000000000e+02 3.870424042617037763e-01 1.294075199546063759e+00
6.420000000000000000e+02 3.741075796665511155e-01 1.292876708102595584e+00
6.430000000000000000e+02 3.771547934317842632e-01 1.449951491845911544e+00
6.440000000000000000e+02 3.416438168612674908e-01 1.016598150942194856e+00
6.450000000000000000e+02 3.865164895021445113e-01 9.134122918873883723e-01
6.460000000000000000e+02 3.962942757411767047e-01 1.268684514639488503e+00
6.470000000000000000e+02 3.115390303206186373e-01 1.021698402642706505e+00
6.480000000000000000e+02 3.513938224841918756e-01 1.287667443014512525e+00
6.490000000000000000e+02 3.603214564162622868e-01 1.250578696984926408e+00
6.500000000000000000e+02 3.763346456076734903e-01 1.196584712261060890e+00
6.510000000000000000e+02 3.114402939214644950e-01 1.064484037565460284e+00
6.520000000000000000e+02 3.568034084761738112e-01 1.323254292979570090e+00
6.530000000000000000e+02 3.567008962656589288e-01 9.743609274421175526e-01
6.540000000000000000e+02 3.503301476480014109e-01 1.184741931269222892e+00
6.550000000000000000e+02 3.245061199154814502e-01 1.176349796860948427e+00
6.560000000000000000e+02 3.512585135452049312e-01 8.672751289247330186e-01
6.570000000000000000e+02 3.290378539434262173e-01 1.175067556744465724e+00
6.580000000000000000e+02 3.667099130549922315e-01 1.254599207224095681e+00
6.590000000000000000e+02 3.186740399095849829e-01 9.128391986559627469e-01
6.600000000000000000e+02 3.262996091804605814e-01 1.227413458605346896e+00
6.610000000000000000e+02 3.598710139170769318e-01 1.038797630350126511e+00
6.620000000000000000e+02 3.679540767737951579e-01 1.021567016324923083e+00
6.630000000000000000e+02 3.532212756378890206e-01 1.432449751048481046e+00
6.640000000000000000e+02 3.360016584259343242e-01 1.109182242378459193e+00
6.650000000000000000e+02 3.311984072974387683e-01 1.135294161177505590e+00
6.660000000000000000e+02 3.883404106533049349e-01 2.373482344190326998e+00
6.670000000000000000e+02 4.104190845241161845e-01 9.369120013337312036e-01
6.680000000000000000e+02 3.474459794161957049e-01 1.525915397320018130e+00
6.690000000000000000e+02 3.173386518501370990e-01 1.319604757342918377e+00
6.700000000000000000e+02 3.591834594134777903e-01 1.997853280210487803e+00
6.710000000000000000e+02 3.638007357712817469e-01 1.120550507006898178e+00
6.720000000000000000e+02 3.804314997486060723e-01 8.265406958075046662e-01
6.730000000000000000e+02 3.775374595313630288e-01 1.014568910087071396e+00
6.740000000000000000e+02 3.263532431987580251e-01 1.097947833116063032e+00
6.750000000000000000e+02 3.405367112651069283e-01 1.485438409708751184e+00
6.760000000000000000e+02 3.842765171419887382e-01 1.061779573488718542e+00
6.770000000000000000e+02 3.447610931574704440e-01 1.223669191891232133e+00
6.780000000000000000e+02 3.957328457969532254e-01 1.174510901001269758e+00
6.790000000000000000e+02 3.273250564320207556e-01 1.148681081769292955e+00
6.800000000000000000e+02 3.407865033909912023e-01 1.362679835448887378e+00
6.810000000000000000e+02 4.019940815523502797e-01 1.228446795683935777e+00
6.820000000000000000e+02 2.901777284545664082e-01 1.491098763312393993e+00
6.830000000000000000e+02 3.657503710766638605e-01 1.269301672897904298e+00
6.840000000000000000e+02 3.497155323177937869e-01 7.491683942821938391e-01
6.850000000000000000e+02 3.641092399988183903e-01 1.513789025993398374e+00
6.860000000000000000e+02 3.420098599918345306e-01 1.135035873755936953e+00
6.870000000000000000e+02 3.439795361796900708e-01 1.113820433838645929e+00
6.880000000000000000e+02 3.321889909315721146e-01 1.661365826308940363e+00
6.890000000000000000e+02 3.608333480003280691e-01 1.533690779903932544e+00
6.900000000000000000e+02 3.157599569452494426e-01 1.738198183716693324e+00
6.910000000000000000e+02 3.483978382291946230e-01 1.633753523514722694e+00
6.920000000000000000e+02 3.658928634538826663e-01 1.003600685882767296e+00
6.930000000000000000e+02 3.462245795638003165e-01 9.057348971216272471e-01
6.940000000000000000e+02 3.426475719218312621e-01 7.316738545819140294e-01
6.950000000000000000e+02 3.993081861036889002e-01 1.291997445904881747e+00
6.960000000000000000e+02 3.355549967450920934e-01 1.215254607986707702e+00
6.970000000000000000e+02 2.999602796414639894e-01 1.186871007004923761e+00
6.980000000000000000e+02 3.726828746808929504e-01 1.114078462727732033e+00
6.990000000000000000e+02 3.003310576239798801e-01 1.027197273059595961e+00
7.000000000000000000e+02 3.651228065077502527e-01 9.179212597373060945e-01
7.010000000000000000e+02 3.295342828796146151e-01 3.069404942770538547e+00
7.020000000000000000e+02 3.454131662370042433e-01 1.210520776288408484e+00
7.030000000000000000e+02 3.654298402102640342e-01 1.198680979573790495e+00
7.040000000000000000e+02 3.496148989461859147e-01 9.404862776167770555e-01
7.050000000000000000e+02 2.935778317750148969e-01 1.334099721425480389e+00
7.060000000000000000e+02 3.633090387633506335e-01 1.109319776793912915e+00
7.070000000000000000e+02 3.508964422667564254e-01 1.457410228772797023e+00
7.080000000000000000e+02 2.976430575964958414e-01 1.047850307765393563e+00
7.090000000000000000e+02 3.583361036313804648e-01 1.093182198605605615e+00
7.100000000000000000e+02 3.294793970924375648e-01 1.257703203001948822e+00
7.110000000000000000e+02 2.998627555021580182e-01 1.232496686084406878e+00
7.120000000000000000e+02 3.233849258678079264e-01 1.132823254238187971e+00
7.130000000000000000e+02 3.433138062673867785e-01 1.049455315585073878e+00
7.140000000000000000e+02 3.287750606699930689e-01 9.360827241665700127e-01
7.150000000000000000e+02 3.542454450265762333e-01 1.240857642778906866e+00
7.160000000000000000e+02 3.250575404851994699e-01 1.136955025245094841e+00
7.170000000000000000e+02 3.523415352049878990e-01 1.080560370169677764e+00
7.180000000000000000e+02 3.368705747280849039e-01 1.391776855453333850e+00
7.190000000000000000e+02 3.854200504392692461e-01 9.822983551721606865e-01
7.200000000000000000e+02 3.137012461624102966e-01 1.167721902727370420e+00
7.210000000000000000e+02 3.402082106058901823e-01 1.285625508559048447e+00
7.220000000000000000e+02 3.415166636863256056e-01 1.148211409187963383e+00
7.230000000000000000e+02 3.585223579040167086e-01 1.184840236183287043e+00
7.240000000000000000e+02 3.172248129596044741e-01 1.143167325447583149e+00
7.250000000000000000e+02 3.059112446263749785e-01 9.971730480940748098e-01
7.260000000000000000e+02 3.642627883755231721e-01 9.247433178402101328e-01
7.270000000000000000e+02 3.075031038560381846e-01 1.283183356434000277e+00
7.280000000000000000e+02 3.233709399528960082e-01 1.058922113835172318e+00
7.290000000000000000e+02 3.710740434626114137e-01 1.419356177955048981e+00
7.300000000000000000e+02 2.755923931065318855e-01 2.674132669018193020e+00
7.310000000000000000e+02 3.338350335017163939e-01 1.392040195425304105e+00
7.320000000000000000e+02 3.296864616863893205e-01 9.713657082761143480e-01
7.330000000000000000e+02 3.980578967849817684e-01 1.046437563572225393e+00
7.340000000000000000e+02 3.366460300823475582e-01 1.118099088481981473e+00
7.350000000000000000e+02 3.807545166266460557e-01 1.169212463874640617e+00
7.360000000000000000e+02 2.964905401994203382e-01 1.000507839246074671e+00
7.370000000000000000e+02 3.351180950675808901e-01 1.832056483367060506e+00
7.380000000000000000e+02 2.922485437745436232e-01 1.358194759224360615e+00
7.390000000000000000e+02 3.383961933056404692e-01 1.589329910518976652e+00
7.400000000000000000e+02 3.084917747752463635e-01 1.021860629497750805e+00
7.410000000000000000e+02 3.635325310549095135e-01 1.354769564797620118e+00
7.420000000000000000e+02 3.095077670952107174e-01 1.025186076813573877e+00
7.430000000000000000e+02 3.042700692816644459e-01 1.173756476132037152e+00
7.440000000000000000e+02 3.281315649484286556e-01 8.784133900884933954e-01
7.450000000000000000e+02 3.465961909443601718e-01 1.000510564471314146e+00
7.460000000000000000e+02 3.478292539824315854e-01 1.182436807864790662e+00
7.470000000000000000e+02 3.418180680763808210e-01 2.168824745268872700e+00
7.480000000000000000e+02 2.933187065922883696e-01 9.286869162953368395e-01
7.490000000000000000e+02 3.540706022036721468e-01 9.195846124275790512e-01
7.500000000000000000e+02 3.085764482683505672e-01 1.047855979637537072e+00
7.510000000000000000e+02 3.251799845327676408e-01 1.401541538794077724e+00
7.520000000000000000e+02 3.342401233301244279e-01 1.108026001304920793e+00
7.530000000000000000e+02 3.357058839499447722e-01 1.037517285034397885e+00
7.540000000000000000e+02 3.345841572798313179e-01 1.407255022350312412e+00
7.550000000000000000e+02 3.105916223670209253e-01 1.187324741910765757e+00
7.560000000000000000e+02 3.264268648606453160e-01 1.429855291586240584e+00
7.570000000000000000e+02 3.198775885177349565e-01 1.351333316304544452e+00
7.580000000000000000e+02 3.034816916118382446e-01 1.288228522626521100e+00
7.590000000000000000e+02 3.232590352708866188e-01 1.077640618556162444e+00
7.600000000000000000e+02 3.224726366534995114e-01 1.067761477096288214e+00
7.610000000000000000e+02 3.369636984114210421e-01 1.283621200361467762e+00
7.620000000000000000e+02 3.190095651943779531e-01 1.211195663043938220e+00
7.630000000000000000e+02 3.303142643321461680e-01 1.154952670291012895e+00
7.640000000000000000e+02 3.164905450641135598e-01 1.170455937763327459e+00
7.650000000000000000e+02 3.528699301788977283e-01 1.564819676657257297e+00
7.660000000000000000e+02 3.082661596280086291e-01 1.183471885888312203e+00
7.670000000000000000e+02 3.274690417012487420e-01 1.782142355478633977e+00
7.680000000000000000e+02 3.115677335510488866e-01 1.378505767084418299e+00
7.690000000000000000e+02 3.034855630765016521e-01 1.084528190115992885e+00
7.700000000000000000e+02 3.469695739743149376e-01 1.959384359959934763e+00
7.710000000000000000e+02 3.558691952024773397e-01 1.269133395549793430e+00
7.720000000000000000e+02 3.459462975442314514e-01 1.114140989225584244e+00
7.730000000000000000e+02 3.133644562491911811e-01 1.455829706464819795e+00
7.740000000000000000e+02 3.517911578119574667e-01 1.186282146211460553e+00
7.750000000000000000e+02 3.335677268864580824e-01 1.291150783735890206e+00
7.760000000000000000e+02 3.270678647021029728e-01 1.239305591936688211e+00
7.770000000000000000e+02 3.328206132495908354e-01 1.188999300349738997e+00
7.780000000000000000e+02 3.219120042755248545e-01 1.046655968835086714e+00
7.790000000000000000e+02 3.493001774086685884e-01 1.405780294184107992e+00
7.800000000000000000e+02 3.336618353221960098e-01 1.025549155168226312e+00
7.810000000000000000e+02 3.483039928823372655e-01 1.125120662987516340e+00
7.820000000000000000e+02 3.272712142832522875e-01 1.384648110499967499e+00
7.830000000000000000e+02 3.059037984350783113e-01 1.329309594840770492e+00
7.840000000000000000e+02 3.286658709749896712e-01 1.238339322968802447e+00
7.850000000000000000e+02 3.221030108164288919e-01 1.392578558394678812e+00
7.860000000000000000e+02 3.247358005973928208e-01 1.282110306872798589e+00
7.870000000000000000e+02 3.062037355598318800e-01 1.863772550679929862e+00
7.880000000000000000e+02 3.229192845435395198e-01 1.148992484424338656e+00
7.890000000000000000e+02 2.914691787557137648e-01 1.349322169841543628e+00
7.900000000000000000e+02 3.377041586853088417e-01 1.094176321022914067e+00
7.910000000000000000e+02 3.710428754328771173e-01 1.310294663784437263e+00
7.920000000000000000e+02 2.918934697163800829e-01 1.079209595670006738e+00
7.930000000000000000e+02 3.341777465977401884e-01 1.162023266597569826e+00
7.940000000000000000e+02 2.584031324789650697e-01 1.856831729092387695e+00
7.950000000000000000e+02 3.380083857093421074e-01 1.000245333836814687e+00
7.960000000000000000e+02 2.975622197533736024e-01 1.375754012014712480e+00
7.970000000000000000e+02 3.244265642590751786e-01 1.399141144731189668e+00
7.980000000000000000e+02 2.914098083316645771e-01 1.277717285373284772e+00
7.990000000000000000e+02 3.457192650062798633e-01 1.455122578804768585e+00
8.000000000000000000e+02 3.374465260394856614e-01 1.259967255604778735e+00
8.010000000000000000e+02 2.546392382894350215e-01 1.234090938347173205e+00
8.020000000000000000e+02 3.056237456903209693e-01 1.050139488965379453e+00
8.030000000000000000e+02 3.449697564764257485e-01 1.427372332373733954e+00
8.040000000000000000e+02 3.554653010152755699e-01 1.355174140847056119e+00
8.050000000000000000e+02 3.227936082903957171e-01 1.435141255162185603e+00
8.060000000000000000e+02 2.908086291481818964e-01 2.361858295207938774e+00
8.070000000000000000e+02 3.579896301865799213e-01 1.478319406775808753e+00
8.080000000000000000e+02 3.057106301084910882e-01 1.032792138559599504e+00
8.090000000000000000e+02 3.027861323603924237e-01 1.536032197088962326e+00
8.100000000000000000e+02 2.727131295335776806e-01 1.671258914971522236e+00
8.110000000000000000e+02 3.379563696836542785e-01 1.396382285732691519e+00
8.120000000000000000e+02 2.753194900665511535e-01 1.996997085494278901e+00
8.130000000000000000e+02 3.105273893143397634e-01 1.410057424149155247e+00
8.140000000000000000e+02 3.302988717551607611e-01 1.245750174077318695e+00
8.150000000000000000e+02 3.027800102447191777e-01 1.334122486350362902e+00
8.160000000000000000e+02 2.505531093865879244e-01 1.287323400338265866e+00
8.170000000000000000e+02 3.720235004228480413e-01 8.980288022198893438e-01
8.180000000000000000e+02 2.859838359481494119e-01 1.004065154721967001e+00
8.190000000000000000e+02 2.940159465331264044e-01 1.407045715720491641e+00
8.200000000000000000e+02 3.437876900202642139e-01 7.416483494358778739e-01
8.210000000000000000e+02 3.281950663373137678e-01 1.386235003107636921e+00
8.220000000000000000e+02 3.286290086726558757e-01 9.682888551321018333e-01
8.230000000000000000e+02 2.992408911593701926e-01 1.229786233978703347e+00
8.240000000000000000e+02 3.462691963353055624e-01 9.739182708480786932e-01
8.250000000000000000e+02 2.713990649213884887e-01 1.635275416990855213e+00
8.260000000000000000e+02 3.613818839889849088e-01 1.049238665062707687e+00
8.270000000000000000e+02 2.947787234821201974e-01 1.692258792168974679e+00
8.280000000000000000e+02 2.857319548324325775e-01 1.358976851389504636e+00
8.290000000000000000e+02 3.207680248123171984e-01 8.566014831341776103e-01
8.300000000000000000e+02 3.269760607880480840e-01 1.426779710671046253e+00
8.310000000000000000e+02 2.754841692933462927e-01 1.298844365063384299e+00
8.320000000000000000e+02 2.908339733083473155e-01 2.098666694437079094e+00
8.330000000000000000e+02 2.827053029644996385e-01 1.195276636688018757e+00
8.340000000000000000e+02 3.333114446931939034e-01 1.071112777904581925e+00
8.350000000000000000e+02 3.144811482634002342e-01 1.238744397004966302e+00
8.360000000000000000e+02 2.899342754520903287e-01 1.340978292692829976e+00
8.370000000000000000e+02 2.968641387391188213e-01 1.889817438850954101e+00
8.380000000000000000e+02 2.925951988931665970e-01 9.509173661328328420e-01
8.390000000000000000e+02 3.204468545974683558e-01 8.875897150215857900e-01
8.400000000000000000e+02 2.709719898715836073e-01 1.330343358884693128e+00
8.410000000000000000e+02 3.614626382543474903e-01 1.224714961595593454e+00
8.420000000000000000e+02 2.738288367981389082e-01 8.593830398069661758e-01
8.430000000000000000e+02 3.195684264899597560e-01 1.190115837431351853e+00
8.440000000000000000e+02 2.798771806769955739e-01 9.613139485591785105e-01
8.450000000000000000e+02 3.186673084237283682e-01 2.763823465880392849e+00
8.460000000000000000e+02 2.723924744480281102e-01 1.435120807412270327e+00
8.470000000000000000e+02 2.924139841044756660e-01 1.953767157851299840e+00
8.480000000000000000e+02 2.922096195590974665e-01 1.195161917658702500e+00
8.490000000000000000e+02 3.626173856727620270e-01 1.234202981821047151e+00
8.500000000000000000e+02 3.111611137642769087e-01 1.287238423647059316e+00
8.510000000000000000e+02 2.869139328807340239e-01 1.177586838904950195e+00
8.520000000000000000e+02 3.071482915577552486e-01 1.245418073087753097e+00
8.530000000000000000e+02 3.269877480240829803e-01 8.543907529513514731e-01
8.540000000000000000e+02 3.252454193257950377e-01 1.268625870648953491e+00
8.550000000000000000e+02 2.936749728182088126e-01 1.425556818904694767e+00
8.560000000000000000e+02 2.883977926883886655e-01 1.301185677141057706e+00
8.570000000000000000e+02 2.972973350326010844e-01 1.216895322638416266e+00
8.580000000000000000e+02 3.125473284847640754e-01 1.335962541445787854e+00
8.590000000000000000e+02 2.967814087323744077e-01 1.580627888192437158e+00
8.600000000000000000e+02 3.262815804966308630e-01 1.646417382505141802e+00
8.610000000000000000e+02 3.129785231055002281e-01 9.434649174915309411e-01
8.620000000000000000e+02 2.957154383781037676e-01 8.755915422210107657e-01
8.630000000000000000e+02 3.164882618725863850e-01 1.373261230299526847e+00
8.640000000000000000e+02 2.575040482765045269e-01 1.654917665358734968e+00
8.650000000000000000e+02 2.945253303710450576e-01 1.104615380425845395e+00
8.660000000000000000e+02 3.119658002535911079e-01 1.328146597625814218e+00
8.670000000000000000e+02 2.918264544073571609e-01 1.924835447563886248e+00
8.680000000000000000e+02 2.818440426224618212e-01 1.263045576371083722e+00
8.690000000000000000e+02 3.216981041203598735e-01 1.237960665405720251e+00
8.700000000000000000e+02 2.630075517872474955e-01 1.202571514962824883e+00
8.710000000000000000e+02 3.014210667490789253e-01 1.023920383957060309e+00
8.720000000000000000e+02 2.882865896306724407e-01 1.462798830756697699e+00
8.730000000000000000e+02 3.188028510391368031e-01 1.230769339464915735e+00
8.740000000000000000e+02 3.133456790402567860e-01 1.144743632280997181e+00
8.750000000000000000e+02 2.585592292090679867e-01 9.850367564126334408e-01
8.760000000000000000e+02 3.631520615364253191e-01 9.831884644028683340e-01
8.770000000000000000e+02 2.820870345001133539e-01 1.460936348543405927e+00
8.780000000000000000e+02 3.279629056183255287e-01 1.128563255941910537e+00
8.790000000000000000e+02 3.120398280488170251e-01 1.112375642158561773e+00
8.800000000000000000e+02 3.068638033444364699e-01 7.726167262364200816e-01
8.810000000000000000e+02 3.274055645163011508e-01 1.028047721127006042e+00
8.820000000000000000e+02 2.985856331726338131e-01 8.249592046487601582e-01
8.830000000000000000e+02 3.236682855110707968e-01 1.282004227939464780e+00
8.840000000000000000e+02 3.041158155908159633e-01 1.111383608576793858e+00
8.850000000000000000e+02 2.595735756204843314e-01 8.811010286407334746e-01
8.860000000000000000e+02 2.946108794350585369e-01 1.213657617284799706e+00
8.870000000000000000e+02 3.217694445319095320e-01 1.327839298704383664e+00
8.880000000000000000e+02 2.810125815105290470e-01 1.173964111736050864e+00
8.890000000000000000e+02 2.912212488182047698e-01 1.100568235559884034e+00
8.900000000000000000e+02 2.906969938051978120e-01 1.041831465511270816e+00
8.910000000000000000e+02 3.012087574021372061e-01 1.336078731287648091e+00
8.920000000000000000e+02 2.930142296914090561e-01 1.021356770850904594e+00
8.930000000000000000e+02 2.927428302455315490e-01 1.100679727131334440e+00
8.940000000000000000e+02 2.820483948622108938e-01 1.181181926337982135e+00
8.950000000000000000e+02 2.785593476799937407e-01 1.218223328492354485e+00
8.960000000000000000e+02 3.029035171748884481e-01 1.017365922518651766e+00
8.970000000000000000e+02 3.241398677605435985e-01 1.200733458576668466e+00
8.980000000000000000e+02 3.111556429803743473e-01 1.067616526894404672e+00
8.990000000000000000e+02 2.721371139429885622e-01 1.492104999605606164e+00
9.000000000000000000e+02 2.868696662815327092e-01 9.270453221287857648e-01
9.010000000000000000e+02 3.012784459102341161e-01 1.105316594829150123e+00
9.020000000000000000e+02 2.662981359569918660e-01 1.123870972166541637e+00
9.030000000000000000e+02 3.366944489160577092e-01 1.197408000515669535e+00
9.040000000000000000e+02 2.857424589645210511e-01 1.539253068552824288e+00
9.050000000000000000e+02 2.845782743806534731e-01 1.295951600154335637e+00
9.060000000000000000e+02 3.439170492473463403e-01 1.039241649539024426e+00
9.070000000000000000e+02 2.463583717474964463e-01 1.106714970981691026e+00
9.080000000000000000e+02 3.114061583863927951e-01 1.648709755404202948e+00
9.090000000000000000e+02 3.077870246173158297e-01 1.234336188256172306e+00
9.100000000000000000e+02 3.190835099271003283e-01 2.450668698414289803e+00
9.110000000000000000e+02 3.077839373705035797e-01 1.283997504837606662e+00
9.120000000000000000e+02 2.855516056272577874e-01 2.225094386128901647e+00
9.130000000000000000e+02 3.088037180629700229e-01 1.061620501017684237e+00
9.140000000000000000e+02 2.682732537216584445e-01 1.184312957582087211e+00
9.150000000000000000e+02 2.928582832137954783e-01 1.367772573127863156e+00
9.160000000000000000e+02 3.226325288056244300e-01 1.126583550573816206e+00
9.170000000000000000e+02 2.556534800611428015e-01 1.341395390776115804e+00
9.180000000000000000e+02 2.817698672974038865e-01 9.853743426634955505e-01
9.190000000000000000e+02 3.137580691073734163e-01 1.122118775090102716e+00
9.200000000000000000e+02 2.398876800957231437e-01 1.028224053680541594e+00
9.210000000000000000e+02 2.994742303390903748e-01 1.170309316202625238e+00
9.220000000000000000e+02 3.425862475696904164e-01 1.731606992159185232e+00
9.230000000000000000e+02 2.778996887834782048e-01 2.308820525390741007e+00
9.240000000000000000e+02 2.662399717478169947e-01 1.279913418505593814e+00
9.250000000000000000e+02 2.933028198452358182e-01 1.452141595806780039e+00
9.260000000000000000e+02 2.833056999634809836e-01 1.160059242090820897e+00
9.270000000000000000e+02 3.046759386677683201e-01 1.096821435373076747e+00
9.280000000000000000e+02 2.846501191997228286e-01 1.093792545710189801e+00
9.290000000000000000e+02 2.879296013728735448e-01 1.249108293165893446e+00
9.300000000000000000e+02 3.152018543449786048e-01 1.187734823474156487e+00
9.310000000000000000e+02 2.573354326167194284e-01 1.138689372355520257e+00
9.320000000000000000e+02 2.786416948792782011e-01 1.459780422222486385e+00
9.330000000000000000e+02 3.434952886886336598e-01 1.167914813497637594e+00
9.340000000000000000e+02 2.776396088503264581e-01 1.333252570839405626e+00
9.350000000000000000e+02 2.787832007446187643e-01 1.178953072702216831e+00
9.360000000000000000e+02 2.810739302281098362e-01 1.048793933211123131e+00
9.370000000000000000e+02 2.966451634366957801e-01 1.401946857447277539e+00
9.380000000000000000e+02 2.997767327562972373e-01 1.579286789688080894e+00
9.390000000000000000e+02 2.824276271969713981e-01 1.076707975648085958e+00
9.400000000000000000e+02 3.006170792257946700e-01 1.082361201528144523e+00
9.410000000000000000e+02 3.228868159775776792e-01 1.261136309484617080e+00
9.420000000000000000e+02 2.651569742347880121e-01 1.214810104696557369e+00
9.430000000000000000e+02 2.762233997818903108e-01 1.798601294799982098e+00
9.440000000000000000e+02 2.813568708229315374e-01 1.519207437519379145e+00
9.450000000000000000e+02 3.023176857448638954e-01 1.269713553789829863e+00
9.460000000000000000e+02 2.441963253072245710e-01 1.042308188113467260e+00
9.470000000000000000e+02 2.921300626983023285e-01 1.400034121325388181e+00
9.480000000000000000e+02 2.895561502034937340e-01 1.012449467623510957e+00
9.490000000000000000e+02 2.891514386902463984e-01 1.527426456239993513e+00
9.500000000000000000e+02 2.774596434156119673e-01 1.845464232230072721e+00
9.510000000000000000e+02 2.767443232145339604e-01 1.050633032429914460e+00
9.520000000000000000e+02 2.826036322485419583e-01 1.407951112654552972e+00
9.530000000000000000e+02 2.820751533080068651e-01 8.978740738991191073e-01
9.540000000000000000e+02 3.033563494420297157e-01 1.402107839895516683e+00
9.550000000000000000e+02 3.014470665840949803e-01 7.718243817038417109e-01
9.560000000000000000e+02 2.834985592634666207e-01 1.067830158377574667e+00
9.570000000000000000e+02 2.639409647434937667e-01 1.100235085379381195e+00
9.580000000000000000e+02 2.660477327125650993e-01 1.316710393391860467e+00
9.590000000000000000e+02 2.832910963351688571e-01 1.407627825373261921e+00
9.600000000000000000e+02 2.846817768711565888e-01 1.536919996906094044e+00
9.610000000000000000e+02 2.868058818610424443e-01 1.128489971818031679e+00
9.620000000000000000e+02 2.751719761499671346e-01 9.965879914303076292e-01
9.630000000000000000e+02 3.129379867610296295e-01 1.151192827929472973e+00
9.640000000000000000e+02 2.894778826870451627e-01 1.454962111272459557e+00
9.650000000000000000e+02 2.669997041449069242e-01 1.303797937334649548e+00
9.660000000000000000e+02 2.899273861437401956e-01 1.348910018535279809e+00
9.670000000000000000e+02 2.662499336644172376e-01 1.189890480101889914e+00
9.680000000000000000e+02 2.686666136766859836e-01 1.114603440067481133e+00
9.690000000000000000e+02 3.111957830793045665e-01 1.341278886642302659e+00
9.700000000000000000e+02 2.737343058804647677e-01 1.365541784463536912e+00
9.710000000000000000e+02 2.859818565229629850e-01 8.630194764260171736e-01
9.720000000000000000e+02 2.654085236533766379e-01 1.344483642367128917e+00
9.730000000000000000e+02 2.887172314988666333e-01 1.516782085290256266e+00
9.740000000000000000e+02 3.072398750164955228e-01 1.620834039455375075e+00
9.750000000000000000e+02 2.688770304233357167e-01 2.631408851891223311e+00
9.760000000000000000e+02 3.041395478878230474e-01 1.287489147042063076e+00
9.770000000000000000e+02 2.996390052885253841e-01 1.301364456708581807e+00
9.780000000000000000e+02 2.577983846857221928e-01 1.106475031551715116e+00
9.790000000000000000e+02 3.154334757774306941e-01 1.328093784092009733e+00
9.800000000000000000e+02 2.979695294540521400e-01 1.264113799376908265e+00
9.810000000000000000e+02 2.627754608129567182e-01 1.541500279069373036e+00
9.820000000000000000e+02 2.652185908106259316e-01 1.168125327072673469e+00
9.830000000000000000e+02 2.984225742857649633e-01 1.193036615528850097e+00
9.840000000000000000e+02 2.733614780405100309e-01 1.238897781139761456e+00
9.850000000000000000e+02 2.953314386887696541e-01 1.098490895545809476e+00
9.860000000000000000e+02 2.847463523453854228e-01 1.144063523969434337e+00
9.870000000000000000e+02 2.937973012409547113e-01 1.400772389339747015e+00
9.880000000000000000e+02 2.423694871531955619e-01 1.047068335462241651e+00
9.890000000000000000e+02 2.603565584323888071e-01 1.054167605048496270e+00
9.900000000000000000e+02 2.875178282571869137e-01 1.255313612494053821e+00
9.910000000000000000e+02 3.190565664479707020e-01 1.107661286895124553e+00
9.920000000000000000e+02 2.761702789620673615e-01 1.223918437673593651e+00
9.930000000000000000e+02 2.601988398410538528e-01 1.041276068152489076e+00
9.940000000000000000e+02 3.254714338042613564e-01 1.248774347416124142e+00
9.950000000000000000e+02 2.474061615586051199e-01 1.039298015925256280e+00
9.960000000000000000e+02 3.022376280865641807e-01 1.448750077150717575e+00
9.970000000000000000e+02 2.928025120908909762e-01 1.101522746898846661e+00
9.980000000000000000e+02 2.769464693628522767e-01 1.103835208019568137e+00
9.990000000000000000e+02 3.171350847513923488e-01 1.158819042421495471e+00
1.000000000000000000e+03 2.486135369813802232e-01 1.125746326274610354e+00
