1.000000000000000000e+00 3.439549978122200091e+00 3.967267772801901682e+00
2.000000000000000000e+00 2.492715942215667724e+00 3.399190130877391081e+00
3.000000000000000000e+00 2.502820646758006085e+00 3.610194322678796919e+00
4.000000000000000000e+00 2.396276107355407525e+00 3.136316223137610493e+00
5.000000000000000000e+00 2.154066509637863724e+00 3.614008221121069564e+00
6.000000000000000000e+00 2.062909487705711253e+00 4.041447685142040669e+00
7.000000000000000000e+00 2.046993933452231129e+00 4.460235728234787977e+00
8.000000000000000000e+00 2.079221779906972323e+00 2.764764408414699393e+00
9.000000000000000000e+00 2.222145089010801211e+00 2.804315406456049153e+00
1.000000000000000000e+01 1.948095560470894050e+00 2.884374176642718446e+00
1.100000000000000000e+01 1.710180907366201986e+00 2.941005386704111491e+00
1.200000000000000000e+01 1.986395965850146217e+00 2.813884839264159776e+00
1.300000000000000000e+01 2.004370288012184531e+00 3.286254923644709613e+00
1.400000000000000000e+01 1.700097042878985221e+00 3.785470569773924598e+00
1.500000000000000000e+01 1.950935488159728282e+00 3.389783419787624208e+00
1.600000000000000000e+01 1.869514779173969465e+00 3.631329781260930645e+00
1.700000000000000000e+01 1.691847254027204706e+00 4.540846854059028104e+00
1.800000000000000000e+01 2.173799515777637303e+00 2.988364814500850120e+00
1.900000000000000000e+01 1.527790148174927420e+00 3.577926900805513455e+00
2.000000000000000000e+01 2.022095947271435268e+00 3.086875969162873101e+00
2.100000000000000000e+01 1.691224000145999717e+00 3.394858470675907292e+00
2.200000000000000000e+01 1.652116292838542888e+00 3.269788363502402984e+00
2.300000000000000000e+01 1.869782895771498588e+00 3.110425055632570324e+00
2.400000000000000000e+01 1.759907993013958061e+00 3.599981295180078700e+00
2.500000000000000000e+01 1.412477743226228322e+00 3.523566641205454264e+00
2.600000000000000000e+01 1.813468294450784279e+00 2.877448897922333160e+00
2.700000000000000000e+01 1.831104431038073299e+00 3.741586219762683019e+00
2.800000000000000000e+01 1.724800662114114758e+00 4.445849293721258810e+00
2.900000000000000000e+01 1.802981753972949797e+00 2.869808181795914681e+00
3.000000000000000000e+01 1.345518691945321699e+00 3.393426264664604286e+00
3.100000000000000000e+01 1.797147190373516779e+00 3.008419193619394694e+00
3.200000000000000000e+01 1.531771306924758047e+00 3.256445698883433160e+00
3.300000000000000000e+01 1.565686817889674565e+00 4.224895428849927193e+00
3.400000000000000000e+01 1.603060490077303779e+00 3.786567758579558518e+00
3.500000000000000000e+01 1.445182197633550825e+00 3.980944875016787066e+00
3.600000000000000000e+01 1.321173490169122111e+00 3.259836446045099034e+00
3.700000000000000000e+01 1.809164788745265096e+00 2.766749123876430350e+00
3.800000000000000000e+01 1.204801896967411468e+00 3.205325939139710645e+00
3.900000000000000000e+01 1.722695552784674122e+00 2.954972384976025879e+00
4.000000000000000000e+01 1.739283417549652100e+00 3.247632194153629470e+00
4.100000000000000000e+01 1.143186014184017774e+00 3.202426407264521213e+00
4.200000000000000000e+01 1.456807851985060687e+00 3.730920330014388053e+00
4.300000000000000000e+01 1.796932888524886751e+00 3.900235690295436708e+00
4.400000000000000000e+01 1.483834433996222169e+00 3.198730362517048231e+00
4.500000000000000000e+01 1.315959578873566960e+00 3.093305579463698329e+00
4.600000000000000000e+01 1.538841094576566704e+00 3.865993686615122993e+00
4.700000000000000000e+01 1.640521620735707620e+00 2.776323428347771571e+00
4.800000000000000000e+01 1.183221553342309385e+00 4.060054421943918967e+00
4.900000000000000000e+01 1.518508661534699433e+00 2.736595266962258854e+00
5.000000000000000000e+01 1.319050878977652719e+00 2.941872755225061198e+00
5.100000000000000000e+01 1.389974450628431724e+00 2.916969075431325553e+00
5.200000000000000000e+01 1.647707493802935907e+00 2.895731203441869184e+00
5.300000000000000000e+01 1.258964084438010111e+00 3.222560993991846257e+00
5.400000000000000000e+01 1.283851430972212437e+00 3.158467800939031012e+00
5.500000000000000000e+01 1.434735327092348189e+00 2.962404939017551975e+00
5.600000000000000000e+01 1.451226097033751383e+00 2.967826278531499273e+00
5.700000000000000000e+01 1.196833207742455052e+00 3.837757349706353516e+00
5.800000000000000000e+01 1.286198807101633257e+00 2.888111187169444705e+00
5.900000000000000000e+01 1.528635939431167046e+00 3.830810488394971181e+00
6.000000000000000000e+01 1.201724707373364120e+00 3.883500065962704362e+00
6.100000000000000000e+01 1.377256763417191943e+00 3.853819811465259093e+00
6.200000000000000000e+01 1.166852022108343379e+00 3.482392637753867426e+00
6.300000000000000000e+01 1.480830869085899115e+00 4.112421022963281381e+00
6.400000000000000000e+01 1.186455124563361219e+00 3.656411140508333268e+00
6.500000000000000000e+01 1.439557072169213248e+00 2.965601307906329254e+00
6.600000000000000000e+01 1.085471591990135432e+00 3.472315090315089225e+00
6.700000000000000000e+01 1.371564372797670295e+00 3.407802792868870334e+00
6.800000000000000000e+01 1.139679490137345930e+00 3.328320753764690831e+00
6.900000000000000000e+01 1.196388307221046166e+00 2.954660044699171983e+00
7.000000000000000000e+01 1.252502700291834303e+00 3.205617593923050901e+00
7.100000000000000000e+01 1.304381233400488949e+00 2.771946189711505859e+00
7.200000000000000000e+01 1.093565597212672991e+00 2.974994486059955534e+00
7.300000000000000000e+01 1.235843538560100319e+00 3.357579674879940690e+00
7.400000000000000000e+01 1.093315926605425981e+00 4.198999103164119617e+00
7.500000000000000000e+01 1.231037675105419282e+00 3.401751770855553580e+00
7.600000000000000000e+01 1.227563825077782056e+00 3.233391862130130523e+00
7.700000000000000000e+01 1.263539467479618983e+00 2.956928521351475325e+00
7.800000000000000000e+01 1.157094556301420551e+00 3.132779816238558279e+00
7.900000000000000000e+01 1.219327607365956023e+00 3.159320174004065951e+00
8.000000000000000000e+01 1.061154128902816574e+00 3.533296101671171918e+00
8.100000000000000000e+01 1.062567024808119820e+00 3.653332591921913064e+00
8.200000000000000000e+01 1.181051838084425265e+00 3.418934628648577778e+00
8.300000000000000000e+01 1.130402880077509442e+00 2.959422100438088954e+00
8.400000000000000000e+01 9.420723071629008016e-01 3.274230518258015810e+00
8.500000000000000000e+01 1.181497233219983345e+00 3.998656017513856575e+00
8.600000000000000000e+01 1.157617294217008208e+00 3.093963748311788997e+00
8.700000000000000000e+01 1.099796251936911773e+00 3.320306147131068641e+00
8.800000000000000000e+01 9.332801760744021680e-01 3.200629856832141407e+00
8.900000000000000000e+01 1.097612874920439907e+00 2.978887260046683583e+00
9.000000000000000000e+01 1.131144601464949329e+00 3.176729349335669195e+00
9.100000000000000000e+01 1.101387713511081667e+00 3.852981329656304688e+00
9.200000000000000000e+01 9.165062021041653351e-01 2.979617420578556608e+00
9.300000000000000000e+01 1.159335938456773185e+00 3.296962981992259234e+00
9.400000000000000000e+01 9.792185619146623887e-01 2.883979682479437479e+00
9.500000000000000000e+01 1.051526096281629519e+00 3.353060091874076942e+00
9.600000000000000000e+01 9.680352036736051824e-01 2.852711467507615506e+00
9.700000000000000000e+01 1.047291681390773110e+00 2.975419534135106847e+00
9.800000000000000000e+01 1.003663501247557877e+00 2.980747406299297797e+00
9.900000000000000000e+01 1.006066011927362114e+00 2.923481380645353234e+00
1.000000000000000000e+02 1.052374613643370482e+00 3.349526209132245747e+00
1.010000000000000000e+02 9.607557786663405430e-01 3.717378023919934549e+00
1.020000000000000000e+02 1.043792470473762890e+00 3.910148609532327235e+00
1.030000000000000000e+02 8.673693123433184882e-01 3.709653766823091559e+00
1.040000000000000000e+02 9.798494515959749185e-01 3.121799320198801020e+00
1.050000000000000000e+02 8.840745493100534702e-01 3.088727154475684245e+00
1.060000000000000000e+02 1.055815438503758141e+00 3.312108206299115842e+00
1.070000000000000000e+02 8.835490367307980986e-01 3.350309395651685840e+00
1.080000000000000000e+02 9.926069450901350288e-01 3.359886746448079275e+00
1.090000000000000000e+02 9.478703397401070374e-01 3.061504226983545074e+00
1.100000000000000000e+02 9.820237837193168673e-01 3.479757585961517741e+00
1.110000000000000000e+02 8.799069327177461153e-01 3.511292668316291721e+00
1.120000000000000000e+02 8.786902895294341764e-01 3.880545850416053266e+00
1.130000000000000000e+02 8.809315043963812375e-01 3.427995516011607791e+00
1.140000000000000000e+02 8.681069623736421548e-01 3.573195571650268576e+00
1.150000000000000000e+02 8.252610626499600199e-01 3.013117529311270193e+00
1.160000000000000000e+02 9.521324216447933919e-01 2.936988222581727648e+00
1.170000000000000000e+02 8.859802007521551115e-01 3.306466683247958116e+00
1.180000000000000000e+02 7.932635116522447349e-01 2.965766854140858833e+00
1.190000000000000000e+02 9.883452802242833624e-01 3.402877596189390896e+00
1.200000000000000000e+02 8.506729208386883956e-01 3.764872931776614084e+00
1.210000000000000000e+02 9.277548885222562935e-01 3.676907479503504383e+00
1.220000000000000000e+02 9.543330279462496346e-01 3.500602878230057335e+00
1.230000000000000000e+02 7.459788106496889615e-01 4.275631813248632618e+00
1.240000000000000000e+02 1.089705581223451514e+00 3.146887090797867437e+00
1.250000000000000000e+02 8.168232718232980583e-01 3.163007015067710981e+00
1.260000000000000000e+02 7.061818129642526420e-01 3.325610463954886686e+00
1.270000000000000000e+02 8.459718252371036806e-01 3.176839826068961425e+00
1.280000000000000000e+02 8.455622452511157849e-01 2.918728954560178668e+00
1.290000000000000000e+02 8.829510278769374665e-01 3.288371875081941287e+00
1.300000000000000000e+02 8.574811262487881391e-01 2.856838805236041168e+00
1.310000000000000000e+02 8.094110856267984211e-01 3.200736419382911979e+00
1.320000000000000000e+02 9.971486680286446580e-01 3.027617888976596561e+00
1.330000000000000000e+02 7.825503223687068077e-01 3.352134604758552072e+00
1.340000000000000000e+02 7.427366881333675730e-01 3.222121127977080501e+00
1.350000000000000000e+02 8.848125354036742163e-01 3.308162358915230694e+00
1.360000000000000000e+02 8.332034202734219797e-01 3.213959913987380013e+00
1.370000000000000000e+02 8.123876171516848377e-01 3.349420829504425434e+00
1.380000000000000000e+02 8.796058655860498066e-01 3.517736345486301985e+00
1.390000000000000000e+02 8.313429659310030972e-01 3.248401384741197440e+00
1.400000000000000000e+02 7.627859866803454736e-01 2.989404996351510579e+00
1.410000000000000000e+02 7.773806041809271372e-01 3.086387823039803635e+00
1.420000000000000000e+02 8.091771224375956528e-01 3.510566192718306500e+00
1.430000000000000000e+02 9.155606220370715587e-01 3.554260635064544260e+00
1.440000000000000000e+02 8.195334592744840663e-01 3.255308095187337880e+00
1.450000000000000000e+02 7.125655825355011741e-01 3.020137909707898416e+00
1.460000000000000000e+02 7.141036794352202399e-01 3.360293955692186252e+00
1.470000000000000000e+02 7.732545238993121517e-01 3.947928306153273947e+00
1.480000000000000000e+02 8.151730955722406025e-01 3.582694987254149588e+00
1.490000000000000000e+02 7.117231501365872681e-01 3.151913110507416960e+00
1.500000000000000000e+02 8.206297533260178412e-01 3.536159911764723329e+00
1.510000000000000000e+02 6.526364265934673226e-01 3.483377287972648340e+00
1.520000000000000000e+02 8.129454513374718694e-01 3.321303983385227365e+00
1.530000000000000000e+02 6.753177622851637141e-01 3.433473359690695226e+00
1.540000000000000000e+02 7.757456322471965038e-01 3.656672992969285829e+00
1.550000000000000000e+02 7.620610091184620849e-01 3.041550983711320377e+00
1.560000000000000000e+02 6.749855075978729024e-01 3.711487570071946962e+00
1.570000000000000000e+02 8.161112966457593210e-01 3.296111200821243870e+00
1.580000000000000000e+02 6.849675529570622423e-01 3.848984999303720844e+00
1.590000000000000000e+02 8.524989723543853204e-01 3.183995251731706499e+00
1.600000000000000000e+02 6.719797066176063094e-01 3.272478358839004731e+00
1.610000000000000000e+02 8.001199040153372799e-01 3.663357860118107379e+00
1.620000000000000000e+02 7.168751717689111347e-01 3.514039726838664279e+00
1.630000000000000000e+02 7.470108473426825269e-01 3.370287637752095389e+00
1.640000000000000000e+02 7.257603680216183628e-01 3.341188477154913183e+00
1.650000000000000000e+02 7.397433131715324128e-01 3.416457523282276920e+00
1.660000000000000000e+02 6.544530289535669398e-01 3.301090347057503038e+00
1.670000000000000000e+02 8.196531126597952355e-01 3.070069199549615657e+00
1.680000000000000000e+02 7.575580025668264827e-01 3.274652005107032693e+00
1.690000000000000000e+02 6.747070121339043824e-01 3.032505766919804557e+00
1.700000000000000000e+02 7.669911467610949218e-01 3.592201979655139876e+00
1.710000000000000000e+02 7.862212495859136618e-01 3.551682141418900152e+00
1.720000000000000000e+02 5.984649078273960310e-01 3.153300144502836133e+00
1.730000000000000000e+02 6.763191756923251363e-01 3.488195427270344151e+00
1.740000000000000000e+02 7.222999053978428341e-01 3.465381855542497114e+00
1.750000000000000000e+02 7.134056122103520359e-01 2.969215989112854004e+00
1.760000000000000000e+02 6.364970389466088063e-01 3.111401749972162012e+00
1.770000000000000000e+02 7.178657452039463038e-01 3.175772569003056933e+00
1.780000000000000000e+02 7.337885734610786193e-01 3.314371617335193587e+00
1.790000000000000000e+02 7.312420453606922610e-01 3.764920583657152431e+00
1.800000000000000000e+02 6.925723556024994121e-01 3.622409316555681880e+00
1.810000000000000000e+02 6.949615787292263702e-01 2.856010145649681586e+00
1.820000000000000000e+02 7.087236789161843742e-01 3.286887646240489236e+00
1.830000000000000000e+02 6.736313348537740220e-01 3.326036874891538542e+00
1.840000000000000000e+02 6.548886985047576159e-01 3.423163470751315440e+00
1.850000000000000000e+02 7.512256884555522651e-01 3.180552225673492828e+00
1.860000000000000000e+02 6.883673840184990622e-01 3.221139120951792112e+00
1.870000000000000000e+02 6.745224460172614123e-01 2.900547960500066580e+00
1.880000000000000000e+02 6.674300982252937553e-01 3.395768710594564865e+00
1.890000000000000000e+02 6.968081806560147973e-01 3.541490593219529970e+00
1.900000000000000000e+02 6.217213676965498426e-01 3.255469794370266623e+00
1.910000000000000000e+02 6.321365968421840398e-01 3.025390867571007281e+00
1.920000000000000000e+02 6.414670520589953462e-01 3.207142108410640180e+00
1.930000000000000000e+02 6.394059451492117852e-01 3.286302813943827061e+00
1.940000000000000000e+02 6.335793615065388185e-01 3.421814851041109939e+00
1.950000000000000000e+02 6.952525516915960546e-01 3.188727216554483768e+00
1.960000000000000000e+02 6.306937209190536242e-01 2.905585726390556456e+00
1.970000000000000000e+02 6.144530976331882277e-01 3.307974832324400261e+00
1.980000000000000000e+02 6.697512493305599612e-01 3.404277795977101118e+00
1.990000000000000000e+02 6.348281374957591705e-01 3.284459465992986882e+00
2.000000000000000000e+02 5.823824875922245514e-01 3.493350363262159863e+00
2.010000000000000000e+02 5.968551738101423032e-01 2.981290056674331446e+00
2.020000000000000000e+02 6.325087680165889514e-01 3.451737108355163564e+00
2.030000000000000000e+02 7.079612347287534968e-01 3.170837283999549783e+00
2.040000000000000000e+02 6.515924683389965333e-01 2.928645186742607986e+00
2.050000000000000000e+02 6.342243622803862557e-01 3.380075446234040104e+00
2.060000000000000000e+02 6.204652502709148143e-01 3.244989361230105729e+00
2.070000000000000000e+02 6.415487204210047478e-01 3.814626116192046723e+00
2.080000000000000000e+02 5.878276057063226423e-01 3.132024965715339171e+00
2.090000000000000000e+02 6.700155189810100831e-01 3.443398421492389616e+00
2.100000000000000000e+02 5.780431523253334314e-01 3.925979300057421018e+00
2.110000000000000000e+02 6.468820614944522651e-01 3.066591237210742893e+00
2.120000000000000000e+02 6.237355386116560929e-01 3.479339510678206793e+00
2.130000000000000000e+02 5.926907373723898642e-01 3.040937171792084115e+00
2.140000000000000000e+02 6.440544340883591623e-01 3.212459998137719097e+00
2.150000000000000000e+02 6.071887054741624823e-01 2.880005292172701736e+00
2.160000000000000000e+02 6.579017056171426736e-01 3.051789457289331597e+00
2.170000000000000000e+02 5.571377170902516163e-01 3.304320621559685645e+00
2.180000000000000000e+02 6.310478546288224022e-01 3.356393388117000054e+00
2.190000000000000000e+02 5.912031262120418518e-01 3.755716293920453364e+00
2.200000000000000000e+02 6.068864590728405561e-01 3.079309709013287044e+00
2.210000000000000000e+02 5.292742780703710848e-01 3.340058181213190647e+00
2.220000000000000000e+02 6.329342928966984472e-01 3.738768672562475803e+00
2.230000000000000000e+02 5.733264760792884385e-01 3.285672095932704373e+00
2.240000000000000000e+02 6.069555047418313531e-01 3.285801133500474425e+00
2.250000000000000000e+02 5.627464249887473846e-01 3.342925896319318912e+00
2.260000000000000000e+02 5.855649412695127509e-01 3.242409342605247602e+00
2.270000000000000000e+02 5.972268852250155469e-01 3.238401598092952582e+00
2.280000000000000000e+02 5.689462133750473605e-01 3.564902835729679254e+00
2.290000000000000000e+02 5.189428163630317448e-01 3.524930036984957216e+00
2.300000000000000000e+02 6.095002516200603848e-01 3.693497735806923199e+00
2.310000000000000000e+02 5.661314014614242662e-01 3.032494350337843869e+00
2.320000000000000000e+02 6.096147165174506943e-01 3.563488024758669770e+00
2.330000000000000000e+02 4.388588081028218513e-01 2.741605420590139008e+00
2.340000000000000000e+02 6.735092277259578930e-01 3.329466609546511968e+00
2.350000000000000000e+02 4.981119564158658641e-01 2.998767873026289887e+00
2.360000000000000000e+02 4.743308448191099758e-01 3.189343912508041168e+00
2.370000000000000000e+02 6.942903065516830008e-01 3.503212200366879969e+00
2.380000000000000000e+02 5.308527702984121577e-01 3.374778717280472407e+00
2.390000000000000000e+02 5.446059900164721412e-01 3.223257089041833279e+00
2.400000000000000000e+02 5.903906426632526960e-01 3.081360706397168858e+00
2.410000000000000000e+02 5.293446884208802272e-01 3.418485958275151226e+00
2.420000000000000000e+02 5.438854099094722061e-01 3.130575860013809386e+00
2.430000000000000000e+02 6.126912495831853267e-01 3.464668644356969640e+00
2.440000000000000000e+02 5.750336629505762298e-01 3.209967237771508941e+00
2.450000000000000000e+02 5.180857325403986913e-01 3.373001891919594097e+00
2.460000000000000000e+02 5.303362372733053665e-01 3.299198047862170746e+00
2.470000000000000000e+02 4.802022958067510006e-01 3.106692378856620085e+00
2.480000000000000000e+02 5.825211581649240022e-01 3.580774386666163434e+00
2.490000000000000000e+02 5.221476405028708800e-01 3.093106082977162163e+00
2.500000000000000000e+02 6.035193344674159022e-01 3.349087601476206988e+00
2.510000000000000000e+02 5.149278253825285701e-01 3.325775352375600846e+00
2.520000000000000000e+02 5.105794624958843730e-01 3.163176269247500727e+00
2.530000000000000000e+02 5.415076939774954301e-01 3.644539388413007064e+00
2.540000000000000000e+02 4.585822988136679657e-01 3.252718145338648004e+00
2.550000000000000000e+02 5.332374211978757605e-01 3.311113427616169336e+00
2.560000000000000000e+02 4.897509033267426481e-01 3.393295693812764746e+00
2.570000000000000000e+02 5.765012505742692639e-01 2.991353491048162283e+00
2.580000000000000000e+02 4.794554957425468666e-01 3.184885807238054145e+00
2.590000000000000000e+02 5.641525858306575270e-01 2.954339755809877843e+00
2.600000000000000000e+02 5.233447858950260878e-01 3.079300389926561632e+00
2.610000000000000000e+02 5.800481405808226576e-01 3.413177285035220443e+00
2.620000000000000000e+02 4.321324927355582601e-01 3.862142509576717231e+00
2.630000000000000000e+02 5.801432430405233376e-01 3.297799754211968359e+00
2.640000000000000000e+02 5.365029558720963987e-01 3.086246799834407639e+00
2.650000000000000000e+02 5.214523060161054824e-01 3.278293309606211459e+00
2.660000000000000000e+02 5.471551149962492477e-01 3.533428724341537652e+00
2.670000000000000000e+02 5.099896488588675503e-01 3.510864972203147971e+00
2.680000000000000000e+02 5.852616984702821989e-01 3.058191119153890636e+00
2.690000000000000000e+02 4.659107614711084366e-01 3.284695263524878950e+00
2.700000000000000000e+02 4.884125218461142781e-01 3.414093472961071463e+00
2.710000000000000000e+02 4.952204642888494712e-01 3.373920373888942947e+00
2.720000000000000000e+02 5.123942877392183570e-01 3.944235522619006673e+00
2.730000000000000000e+02 5.771221915751719722e-01 3.239948089652206598e+00
2.740000000000000000e+02 5.609095179482652682e-01 3.411375298382409049e+00
2.750000000000000000e+02 4.410043006078488426e-01 3.416680281843952116e+00
2.760000000000000000e+02 5.211017962890801547e-01 3.432669348225365180e+00
2.770000000000000000e+02 5.174071732426189785e-01 3.285102675718908127e+00
2.780000000000000000e+02 4.865228952359907377e-01 3.836255631702904623e+00
2.790000000000000000e+02 5.162413124860759650e-01 3.229958628708461621e+00
2.800000000000000000e+02 5.735813198783963340e-01 3.393487379755094846e+00
2.810000000000000000e+02 5.031454430100019692e-01 3.573430420525361306e+00
2.820000000000000000e+02 5.340930984653148306e-01 3.883911288355535341e+00
2.830000000000000000e+02 5.515213762425872357e-01 3.271686691158222526e+00
2.840000000000000000e+02 4.758242291807643909e-01 3.690853091040612544e+00
2.850000000000000000e+02 5.284510347632059846e-01 3.417715125921329644e+00
2.860000000000000000e+02 4.608438459428512712e-01 3.271065422170221115e+00
2.870000000000000000e+02 5.155817258900302624e-01 3.028745469922424327e+00
2.880000000000000000e+02 5.263759973182802199e-01 2.825819493378194824e+00
2.890000000000000000e+02 4.609508083686898461e-01 3.363860978962548209e+00
2.900000000000000000e+02 4.964643061790497414e-01 3.279278229386782151e+00
2.910000000000000000e+02 4.811124689205210081e-01 3.280575472142423177e+00
2.920000000000000000e+02 5.425093902697125658e-01 2.910721358955338900e+00
2.930000000000000000e+02 4.988743917303875564e-01 3.213232224150216254e+00
2.940000000000000000e+02 4.962044559582571845e-01 3.305029226318326074e+00
2.950000000000000000e+02 5.160504678610763341e-01 3.124123873316151823e+00
2.960000000000000000e+02 5.177732681569580109e-01 3.496246771300306033e+00
2.970000000000000000e+02 4.757270367236567377e-01 3.249504972957561133e+00
2.980000000000000000e+02 4.946650358051368768e-01 3.359135603870120335e+00
2.990000000000000000e+02 5.574978047884788790e-01 3.561108306980271365e+00
3.000000000000000000e+02 4.949094915467486255e-01 3.487227251290928809e+00
3.010000000000000000e+02 4.897791414605612292e-01 3.074955464620548806e+00
3.020000000000000000e+02 4.246198259070091963e-01 3.229268629595918316e+00
3.030000000000000000e+02 5.436184417949664338e-01 3.965359016149933247e+00
3.040000000000000000e+02 5.003477552041689647e-01 3.034384376943890071e+00
3.050000000000000000e+02 4.511092451122618030e-01 3.734627721444615744e+00
3.060000000000000000e+02 4.900563202287985809e-01 3.308540301675893414e+00
3.070000000000000000e+02 4.704848256273835294e-01 3.402712922656830230e+00
3.080000000000000000e+02 4.888399590039814724e-01 2.980556826459998199e+00
3.090000000000000000e+02 4.707319516267939319e-01 3.342670427178436654e+00
3.100000000000000000e+02 4.303326332743433458e-01 3.595979383618115310e+00
3.110000000000000000e+02 5.122074137486450907e-01 3.393245707229536556e+00
3.120000000000000000e+02 4.190472625117298011e-01 3.289954498129071148e+00
3.130000000000000000e+02 4.987827862015978830e-01 3.259898923997090137e+00
3.140000000000000000e+02 5.337682099840075356e-01 3.198591023121239996e+00
3.150000000000000000e+02 4.515451599548621631e-01 3.493832955858704015e+00
3.160000000000000000e+02 4.593762396690772021e-01 3.302034318706639660e+00
3.170000000000000000e+02 4.747657569382316423e-01 3.467450686047834907e+00
3.180000000000000000e+02 4.876022947502756111e-01 3.199072332790524165e+00
3.190000000000000000e+02 4.067875816122871746e-01 3.225115738171105306e+00
3.200000000000000000e+02 5.060868753293126243e-01 3.331197868929892003e+00
3.210000000000000000e+02 4.362117526512465093e-01 3.067462569397315875e+00
3.220000000000000000e+02 4.362015594373044314e-01 3.113782529388006814e+00
3.230000000000000000e+02 4.907442138313181657e-01 3.454170823270247048e+00
3.240000000000000000e+02 5.146671060127182562e-01 3.396209397578966005e+00
3.250000000000000000e+02 5.106384103129686380e-01 3.074298653443423568e+00
3.260000000000000000e+02 4.329353606575006008e-01 2.994405681232236383e+00
3.270000000000000000e+02 4.555718983798178190e-01 3.469668017070421495e+00
3.280000000000000000e+02 4.865688070206987126e-01 3.051731916055278049e+00
3.290000000000000000e+02 4.593388476815289390e-01 2.920666607094087652e+00
3.300000000000000000e+02 3.985836854414858688e-01 3.099084102363475868e+00
3.310000000000000000e+02 4.903917063938516008e-01 3.505070034409123014e+00
3.320000000000000000e+02 4.521329809649023423e-01 3.169601874704457867e+00
3.330000000000000000e+02 4.101936542629517901e-01 3.335155943827635916e+00
3.340000000000000000e+02 4.669854265804895266e-01 3.182883773728967025e+00
3.350000000000000000e+02 4.099526970656876546e-01 3.050836029523342763e+00
3.360000000000000000e+02 4.801921153710303480e-01 3.809199032485917513e+00
3.370000000000000000e+02 4.897238574310786019e-01 3.429386655547276508e+00
3.380000000000000000e+02 4.490526176196206198e-01 3.566203225420244483e+00
3.390000000000000000e+02 4.651355692713530776e-01 3.363344821251701866e+00
3.400000000000000000e+02 4.877769296170249569e-01 3.263435070331280219e+00
3.410000000000000000e+02 4.047905335670365923e-01 3.636707705752423969e+00
3.420000000000000000e+02 4.743677896759938006e-01 3.387135340790270899e+00
3.430000000000000000e+02 4.888239324819160236e-01 3.287609044976089301e+00
3.440000000000000000e+02 4.718108142948041483e-01 3.471773602100864942e+00
3.450000000000000000e+02 3.823800889640739387e-01 3.607993439942901226e+00
3.460000000000000000e+02 4.538220515055544357e-01 3.617019980151006120e+00
3.470000000000000000e+02 4.077512415805354951e-01 3.242207094962088032e+00
3.480000000000000000e+02 3.955888188727786914e-01 3.222887913443699848e+00
3.490000000000000000e+02 4.451685116360770689e-01 3.315692184279376953e+00
3.500000000000000000e+02 3.932860507701684827e-01 3.690198134441680100e+00
3.510000000000000000e+02 4.865747056193316933e-01 3.290090998302177550e+00
3.520000000000000000e+02 4.317516744117274041e-01 3.738348672109695237e+00
3.530000000000000000e+02 4.807152152829563541e-01 3.235478425925632617e+00
3.540000000000000000e+02 4.323945351211175292e-01 3.590869444548132172e+00
3.550000000000000000e+02 4.171724761094047773e-01 3.329518395342224935e+00
3.560000000000000000e+02 4.320319259776805865e-01 3.399571979994222115e+00
3.570000000000000000e+02 4.591133784233909498e-01 3.451389862594826052e+00
3.580000000000000000e+02 4.797141018531653756e-01 3.332365810092543956e+00
3.590000000000000000e+02 3.833534348117539903e-01 3.168383684317501725e+00
3.600000000000000000e+02 4.297461873772278063e-01 3.280732422504784918e+00
3.610000000000000000e+02 4.536859676181350109e-01 3.358594656163618630e+00
3.620000000000000000e+02 4.479048285708981392e-01 3.266277641447258073e+00
3.630000000000000000e+02 4.096902530479973326e-01 3.237216094754777007e+00
3.640000000000000000e+02 4.688716272483767766e-01 3.319568267581424870e+00
3.650000000000000000e+02 4.116108243152038493e-01 3.459245474487326888e+00
3.660000000000000000e+02 4.149109892153720613e-01 2.971876226246616515e+00
3.670000000000000000e+02 4.044787746343450063e-01 3.249203414287207270e+00
3.680000000000000000e+02 4.836798194169417142e-01 3.244789910766313845e+00
3.690000000000000000e+02 3.607036720647533445e-01 3.552024754107604210e+00
3.700000000000000000e+02 4.323340782646051261e-01 3.089273584944416395e+00
3.710000000000000000e+02 5.053670114758148646e-01 3.165686541787079644e+00
3.720000000000000000e+02 3.582259130903998612e-01 3.447652221245066873e+00
3.730000000000000000e+02 4.091759453548056702e-01 3.469850407802487879e+00
3.740000000000000000e+02 5.090364603082112582e-01 3.299430565840966167e+00
3.750000000000000000e+02 3.740645806640265358e-01 3.438951409261008507e+00
3.760000000000000000e+02 4.498773136679279916e-01 3.691404583319178201e+00
3.770000000000000000e+02 4.268545559128545386e-01 3.501731700059810493e+00
3.780000000000000000e+02 5.131522624062678783e-01 3.181494833076986328e+00
3.790000000000000000e+02 3.522896362261303538e-01 3.388677409494563531e+00
3.800000000000000000e+02 4.304887809954843769e-01 3.341511812023223893e+00
3.810000000000000000e+02 3.978830353793431640e-01 3.317069873062377550e+00
3.820000000000000000e+02 5.082776880574167988e-01 3.366312368687766732e+00
3.830000000000000000e+02 3.894824106358203419e-01 3.222910370120808388e+00
3.840000000000000000e+02 3.842339276395901337e-01 3.291697596257933789e+00
3.850000000000000000e+02 4.198726152763629926e-01 3.384258557992334548e+00
3.860000000000000000e+02 3.868242208886010780e-01 2.911626490868401085e+00
3.870000000000000000e+02 4.407564326672898658e-01 3.318352776618758160e+00
3.880000000000000000e+02 4.541189724211766587e-01 3.298884903917465028e+00
3.890000000000000000e+02 4.004219049946454168e-01 3.241742109698723340e+00
3.900000000000000000e+02 4.536301670376601813e-01 2.954408208932862934e+00
3.910000000000000000e+02 3.806418832388474005e-01 3.332440673180346202e+00
3.920000000000000000e+02 4.086742162704467551e-01 3.438356121842504720e+00
3.930000000000000000e+02 3.984830439720185025e-01 3.266102210876730805e+00
3.940000000000000000e+02 4.647765570786985267e-01 2.807787251576284060e+00
3.950000000000000000e+02 4.041275305151454944e-01 3.607990880836076997e+00
3.960000000000000000e+02 3.979543960113819945e-01 3.024073315981683496e+00
3.970000000000000000e+02 3.609040201363962752e-01 3.089775480621958170e+00
3.980000000000000000e+02 4.556757961851518046e-01 3.498789190899997070e+00
3.990000000000000000e+02 4.851756651841170331e-01 3.286636966752383149e+00
4.000000000000000000e+02 3.962750056969751022e-01 3.303751841338867568e+00
4.010000000000000000e+02 3.786647142015180378e-01 3.289338453414651031e+00
4.020000000000000000e+02 4.996775330662436843e-01 3.309380630796291189e+00
4.030000000000000000e+02 4.330438348309573193e-01 3.200463539630131304e+00
4.040000000000000000e+02 3.673549045788186418e-01 3.293820698825299154e+00
4.050000000000000000e+02 3.726785031931851844e-01 3.299701291002625325e+00
4.060000000000000000e+02 4.204437324034305812e-01 3.383753758902473763e+00
4.070000000000000000e+02 4.099945935362436789e-01 3.521421245116799881e+00
4.080000000000000000e+02 3.834388812851072803e-01 3.360860278713685645e+00
4.090000000000000000e+02 4.377156121957408441e-01 3.515432254150401725e+00
4.100000000000000000e+02 3.726736997657438266e-01 3.161030549096438325e+00
4.110000000000000000e+02 4.355980537294112387e-01 3.693213752807484429e+00
4.120000000000000000e+02 4.086367815942968940e-01 3.323921066756172493e+00
4.130000000000000000e+02 4.174805602825917838e-01 3.294003621933249359e+00
4.140000000000000000e+02 3.743833009268819900e-01 3.649581992055231261e+00
4.150000000000000000e+02 3.589453284089309526e-01 2.948500700197648872e+00
4.160000000000000000e+02 4.407639313407490378e-01 3.182669348225365180e+00
4.170000000000000000e+02 4.033083125113666179e-01 3.344701007765505718e+00
4.180000000000000000e+02 3.763631204005473130e-01 3.435924048347639204e+00
4.190000000000000000e+02 4.322880316129261713e-01 3.395197238043188737e+00
4.200000000000000000e+02 4.550249802390324838e-01 3.153945970258449805e+00
4.210000000000000000e+02 3.594823589689494781e-01 3.260295153010220215e+00
4.220000000000000000e+02 3.856633676926499721e-01 3.065897280142165560e+00
4.230000000000000000e+02 3.654915936200430759e-01 3.520859850854416884e+00
4.240000000000000000e+02 4.054179442286374169e-01 3.256405105092528895e+00
4.250000000000000000e+02 3.632745471671768311e-01 3.497274087717640256e+00
4.260000000000000000e+02 4.514250587864020448e-01 3.406809707511492036e+00
4.270000000000000000e+02 3.768838959340383155e-01 3.792233676107597429e+00
4.280000000000000000e+02 3.687371251355741619e-01 3.317764961321572059e+00
4.290000000000000000e+02 4.184563499284704724e-01 3.384288032445921246e+00
4.300000000000000000e+02 3.472692552956984646e-01 3.517788345478096712e+00
4.310000000000000000e+02 4.110037158291364179e-01 3.447448450871925640e+00
4.320000000000000000e+02 4.111432743111245736e-01 3.010203210466658952e+00
4.330000000000000000e+02 3.907713816668783591e-01 3.642774416850163455e+00
4.340000000000000000e+02 3.844814215277888025e-01 3.058560263781831434e+00
4.350000000000000000e+02 3.859149066584561805e-01 3.497373353068125912e+00
4.360000000000000000e+02 3.671814329148081479e-01 3.205524768296450944e+00
4.370000000000000000e+02 3.860719337490494119e-01 3.610318029913051063e+00
4.380000000000000000e+02 4.484753488719608883e-01 3.344375078148696723e+00
4.390000000000000000e+02 3.506394745301954496e-01 3.186859917225443262e+00
4.400000000000000000e+02 3.922666309424089892e-01 3.061508977015236610e+00
4.410000000000000000e+02 4.334219398632173648e-01 3.470425223577524143e+00
4.420000000000000000e+02 3.579478629230000153e-01 3.360391023716144510e+00
4.430000000000000000e+02 3.792788150589413987e-01 3.103517080080007595e+00
4.440000000000000000e+02 4.016733877451607593e-01 3.448916413787487478e+00
4.450000000000000000e+02 3.746535085353495109e-01 2.756657438458136600e+00
4.460000000000000000e+02 3.924010359543692594e-01 3.573593910961954112e+00
4.470000000000000000e+02 4.310777979977822305e-01 3.422204050685567100e+00
4.480000000000000000e+02 3.289079425588649630e-01 3.327682380925415018e+00
4.490000000000000000e+02 4.495314379933622040e-01 3.351648814619366146e+00
4.500000000000000000e+02 3.268112147851846561e-01 3.020192552374132422e+00
4.510000000000000000e+02 3.747388185145928419e-01 3.323241384870255111e+00
4.520000000000000000e+02 4.262107024033395253e-01 3.001969229500248915e+00
4.530000000000000000e+02 3.707334058954543932e-01 3.768973243253843641e+00
4.540000000000000000e+02 4.357166256534588111e-01 3.256992495111872277e+00
4.550000000000000000e+02 3.965129450578050441e-01 3.456971666809436350e+00
4.560000000000000000e+02 3.322375178854803934e-01 3.477802348413730371e+00
4.570000000000000000e+02 4.363784673202337761e-01 3.138247287671347863e+00
4.580000000000000000e+02 3.151582816673308418e-01 3.649033275847857194e+00
4.590000000000000000e+02 3.818244357351903706e-01 3.577394059676736404e+00
4.600000000000000000e+02 3.741220776567754092e-01 3.245655888742909223e+00
4.610000000000000000e+02 3.969243532825930121e-01 3.218102789582638845e+00
4.620000000000000000e+02 3.567407213653809306e-01 3.485058227540446474e+00
4.630000000000000000e+02 3.181891719516363737e-01 3.431014183470749490e+00
4.640000000000000000e+02 3.929948274993392832e-01 3.246580398307656434e+00
4.650000000000000000e+02 3.494339665353434765e-01 3.181179688180998166e+00
4.660000000000000000e+02 3.776436283663944238e-01 3.220722329979884169e+00
4.670000000000000000e+02 3.712624836828291031e-01 3.645394597759440636e+00
4.680000000000000000e+02 3.704608973403174521e-01 3.609615254644385818e+00
4.690000000000000000e+02 4.073627384429439058e-01 3.154416755079703982e+00
4.700000000000000000e+02 3.687036353359369745e-01 3.404872892729948752e+00
4.710000000000000000e+02 3.949112362003636134e-01 2.823212877586375846e+00
4.720000000000000000e+02 3.467926920186591988e-01 3.456143499631840310e+00
4.730000000000000000e+02 4.191577814828080784e-01 3.233464271825007064e+00
4.740000000000000000e+02 3.325706164106714269e-01 3.448857682709769890e+00
4.750000000000000000e+02 4.104281041507891192e-01 3.217404291141880979e+00
4.760000000000000000e+02 3.431254476455343205e-01 3.230474828073352178e+00
4.770000000000000000e+02 4.144821237657487778e-01 3.278014306925204568e+00
4.780000000000000000e+02 4.260085400441793735e-01 3.489910010848578104e+00
4.790000000000000000e+02 3.680343704739796884e-01 3.048168207287615505e+00
4.800000000000000000e+02 3.775650446391706216e-01 3.354388456905182281e+00
4.810000000000000000e+02 3.983449042182352073e-01 3.364752758743108974e+00
4.820000000000000000e+02 3.605053046725805177e-01 3.508019260467396538e+00
4.830000000000000000e+02 3.720151276292111286e-01 3.178302630284701280e+00
4.840000000000000000e+02 3.614904130115245695e-01 3.440082995742775651e+00
4.850000000000000000e+02 3.485618168120457883e-01 3.392390042327138922e+00
4.860000000000000000e+02 4.179903047487660284e-01 3.534947806415087435e+00
4.870000000000000000e+02 3.461022885542008876e-01 3.334505686220133214e+00
4.880000000000000000e+02 3.730880893458204395e-01 3.083837439948138748e+00
4.890000000000000000e+02 3.316011904992290371e-01 3.478914479212767752e+00
4.900000000000000000e+02 3.712054385391315714e-01 2.861871841164908670e+00
4.910000000000000000e+02 3.619717075948691853e-01 3.174646431372023958e+00
4.920000000000000000e+02 3.689313618755263313e-01 3.292650468117612750e+00
4.930000000000000000e+02 3.423992534849722991e-01 3.328496286934795823e+00
4.940000000000000000e+02 4.072366289643133408e-01 3.308573138039067274e+00
4.950000000000000000e+02 3.777408541749881499e-01 3.471487923180589963e+00
4.960000000000000000e+02 3.604217014976383582e-01 3.491257033950185384e+00
4.970000000000000000e+02 3.865328559994463120e-01 3.368680946366707563e+00
4.980000000000000000e+02 3.370552454122578978e-01 3.291952268997712761e+00
4.990000000000000000e+02 3.818270398968123813e-01 3.518757041203093294e+00
5.000000000000000000e+02 3.405409465806451541e-01 3.297096366979214377e+00
5.010000000000000000e+02 4.173187775596383098e-01 3.941553588183420942e+00
5.020000000000000000e+02 3.345108869499931470e-01 3.481825606051307975e+00
5.030000000000000000e+02 3.680394596243950489e-01 3.538544306907321690e+00
5.040000000000000000e+02 3.777606690685309521e-01 3.316384776756275521e+00
5.050000000000000000e+02 3.477356774597803457e-01 3.547520643394813433e+00
5.060000000000000000e+02 3.131871724303034177e-01 3.818251461871995822e+00
5.070000000000000000e+02 3.788729096020652665e-01 3.582667422052391526e+00
5.080000000000000000e+02 2.845784409805394155e-01 3.123925342442162467e+00
5.090000000000000000e+02 3.974642341137900603e-01 3.191817970857218967e+00
5.100000000000000000e+02 3.693103822530720004e-01 3.216503029464810481e+00
5.110000000000000000e+02 3.918510305576456410e-01 2.924596547388373047e+00
5.120000000000000000e+02 3.307152512207155448e-01 3.539312482918294922e+00
5.130000000000000000e+02 3.476822386806714404e-01 3.165555747396195052e+00
5.140000000000000000e+02 3.339059141280688037e-01 3.263181802496335493e+00
5.150000000000000000e+02 3.519407537581957235e-01 3.498199734874664291e+00
5.160000000000000000e+02 3.207497478453154582e-01 3.576672546749364301e+00
5.170000000000000000e+02 3.549765056512105832e-01 3.609821543465158822e+00
5.180000000000000000e+02 3.855388274752714617e-01 3.334955985037439508e+00
5.190000000000000000e+02 4.144003762160734516e-01 3.017418043360827973e+00
5.200000000000000000e+02 4.128970902833775658e-01 3.567354703157145313e+00
5.210000000000000000e+02 3.897808949023509606e-01 3.419892365596810091e+00
5.220000000000000000e+02 3.642411760832230949e-01 3.706500502733083735e+00
5.230000000000000000e+02 3.427016360032601461e-01 3.334508179234143554e+00
5.240000000000000000e+02 3.130288538090961747e-01 3.647095718646776064e+00
5.250000000000000000e+02 3.859370336820555081e-01 3.379171815077694596e+00
5.260000000000000000e+02 3.686510136222374556e-01 3.451074852133697135e+00
5.270000000000000000e+02 3.750165524713204857e-01 3.551067841589364171e+00
5.280000000000000000e+02 2.951679316504421946e-01 3.121320771894191992e+00
5.290000000000000000e+02 3.358580820339241990e-01 3.395241581476651671e+00
5.300000000000000000e+02 3.497926121945307831e-01 3.458279758648533431e+00
5.310000000000000000e+02 4.065645116688735294e-01 3.551867871568234136e+00
5.320000000000000000e+02 3.037766884129071698e-01 3.429545424327102854e+00
5.330000000000000000e+02 3.252570112243475253e-01 2.822673071624578700e+00
5.340000000000000000e+02 3.314051738703376881e-01 3.421757049588229904e+00
5.350000000000000000e+02 3.946007605373245131e-01 3.291824863680215429e+00
5.360000000000000000e+02 3.550535670729016435e-01 3.204266967032921354e+00
5.370000000000000000e+02 3.062239570263243782e-01 3.508783102381558106e+00
5.380000000000000000e+02 3.722644577512501107e-01 3.233209814665452431e+00
5.390000000000000000e+02 3.186266292603784911e-01 3.288901742380139659e+00
5.400000000000000000e+02 4.033950922161849140e-01 3.327213611415924088e+00
5.410000000000000000e+02 3.938431891529374784e-01 2.994758347295365386e+00
5.420000000000000000e+02 2.951709248058976276e-01 2.912212525466010948e+00
5.430000000000000000e+02 3.719147109312317956e-01 3.366906217808993240e+00
5.440000000000000000e+02 3.323247207121380331e-01 3.296398471678635644e+00
5.450000000000000000e+02 3.380625699598764911e-01 3.423172498129968044e+00
5.460000000000000000e+02 4.174185273658929107e-01 3.284869513248670714e+00
5.470000000000000000e+02 3.529480995926597697e-01 3.509801522567760124e+00
5.480000000000000000e+02 3.082978126578559408e-01 3.473221120363742198e+00
5.490000000000000000e+02 4.213165034616410121e-01 3.257577594894110362e+00
5.500000000000000000e+02 2.960534576378054394e-01 3.504777559694254307e+00
5.510000000000000000e+02 3.505864648824780216e-01 3.022001479810485058e+00
5.520000000000000000e+02 3.090323257455973027e-01 3.497402488579770985e+00
5.530000000000000000e+02 3.858054630839660160e-01 3.599433752725709201e+00
5.540000000000000000e+02 3.144997581863981373e-01 3.470587206163669336e+00
5.550000000000000000e+02 3.292564450798723952e-01 3.411020557662399089e+00
5.560000000000000000e+02 4.042166738012402116e-01 3.231543951698934602e+00
5.570000000000000000e+02 2.696487887422792662e-01 3.050850908884289225e+00
5.580000000000000000e+02 3.704724923635671630e-01 3.488787823041741287e+00
5.590000000000000000e+02 3.615633388526398040e-01 3.326646356693372830e+00
5.600000000000000000e+02 3.092509290760325213e-01 3.599561307876653515e+00
5.610000000000000000e+02 3.047864086967497776e-01 3.131488550730125109e+00
5.620000000000000000e+02 3.438474217388903242e-01 3.556161302075611985e+00
5.630000000000000000e+02 3.349423848630226908e-01 3.359479873031594011e+00
5.640000000000000000e+02 3.062639849637215361e-01 3.412013553223519846e+00
5.650000000000000000e+02 4.106119790650789581e-01 3.202027759808068197e+00
5.660000000000000000e+02 2.709460145957076627e-01 3.593868876749268360e+00
5.670000000000000000e+02 3.413794973194841376e-01 3.542792913010573752e+00
5.680000000000000000e+02 3.816117168332289200e-01 3.435389632583529362e+00
5.690000000000000000e+02 3.152622887342728664e-01 3.204113189298632314e+00
5.700000000000000000e+02 3.247158636828673117e-01 3.571960077922472276e+00
5.710000000000000000e+02 3.526594309570535435e-01 3.511995486839416092e+00
5.720000000000000000e+02 3.226456177789963076e-01 3.315755829582712533e+00
5.730000000000000000e+02 3.050439209496461634e-01 3.346478057011464724e+00
5.740000000000000000e+02 3.210382108221349062e-01 3.565773519618417708e+00
5.750000000000000000e+02 3.189458246472209324e-01 3.593039608313141287e+00
5.760000000000000000e+02 3.199354131370903964e-01 3.645369065171229384e+00
5.770000000000000000e+02 3.321014813851700387e-01 3.541904635630082954e+00
5.780000000000000000e+02 3.336209243105858757e-01 3.369612730293384484e+00
5.790000000000000000e+02 3.170512477040387522e-01 3.522606125763780849e+00
5.800000000000000000e+02 3.569953295682911643e-01 3.501970328855583681e+00
5.810000000000000000e+02 3.098290938318114529e-01 2.891464160384910276e+00
5.820000000000000000e+02 3.278790973096625816e-01 3.205563417539887272e+00
5.830000000000000000e+02 3.138553716902031665e-01 3.025287088358177279e+00
5.840000000000000000e+02 3.114893062099221011e-01 3.083363957951826606e+00
5.850000000000000000e+02 3.255369856239430648e-01 2.916818163737503244e+00
5.860000000000000000e+02 3.260656003154069893e-01 3.324188855286087652e+00
5.870000000000000000e+02 3.167660167457416187e-01 3.541744403292375054e+00
5.880000000000000000e+02 3.199924237547997485e-01 3.547723024088689225e+00
5.890000000000000000e+02 3.263029554721110226e-01 3.342713632500569521e+00
5.900000000000000000e+02 3.225614698314744344e-01 3.416368588999843858e+00
5.910000000000000000e+02 3.066161924702282549e-01 3.432725699096701888e+00
5.920000000000000000e+02 3.159503632256114858e-01 3.410446036017685145e+00
5.930000000000000000e+02 3.203966627437636605e-01 3.319764472403616384e+00
5.940000000000000000e+02 3.436587316587046970e-01 3.209328853859091613e+00
5.950000000000000000e+02 3.466854787533792392e-01 3.260535371493877843e+00
5.960000000000000000e+02 2.953473352785521144e-01 3.619408454535142372e+00
5.970000000000000000e+02 3.411751504984452121e-01 3.164251134772778418e+00
5.980000000000000000e+02 2.955564316310696493e-01 3.263081607347995128e+00
5.990000000000000000e+02 3.310037764226586576e-01 3.485848043411321484e+00
6.000000000000000000e+02 2.910718857903096812e-01 3.208533917006283431e+00
6.010000000000000000e+02 2.667417057542467718e-01 3.499088712804376389e+00
6.020000000000000000e+02 3.344907067024830427e-01 3.575786508046663759e+00
6.030000000000000000e+02 3.728181847643750602e-01 3.404187202799648926e+00
6.040000000000000000e+02 3.152109074965421809e-01 3.464173334603385612e+00
6.050000000000000000e+02 2.651088159177286130e-01 3.419327407577906541e+00
6.060000000000000000e+02 3.669385282805447956e-01 3.511484425022917133e+00
6.070000000000000000e+02 2.829052952607882254e-01 3.554851130235004764e+00
6.080000000000000000e+02 4.071797779454476851e-01 3.286202118600920041e+00
6.090000000000000000e+02 2.955368937732338885e-01 2.856364146199385612e+00
6.100000000000000000e+02 3.157399522880535714e-01 3.594994057418646083e+00
6.110000000000000000e+02 2.855564104455162178e-01 3.372628364749847396e+00
6.120000000000000000e+02 3.802486251002734630e-01 3.221748350320603027e+00
6.130000000000000000e+02 2.850063543257577159e-01 3.453823578721034071e+00
6.140000000000000000e+02 3.156414901503308279e-01 2.873586357937495617e+00
6.150000000000000000e+02 3.495169986248209959e-01 3.387459575870386708e+00
6.160000000000000000e+02 3.247754516650466217e-01 3.440765577061601910e+00
6.170000000000000000e+02 2.883091722001495105e-01 3.431874671418365885e+00
6.180000000000000000e+02 3.876630917203610083e-01 3.572713417653940571e+00
6.190000000000000000e+02 3.186828043580669512e-01 3.344579886974893945e+00
6.200000000000000000e+02 3.588659509049404450e-01 3.210122587718880371e+00
6.210000000000000000e+02 2.753046152748584996e-01 3.293658495295376465e+00
6.220000000000000000e+02 3.185771560494634613e-01 3.199465049368549696e+00
6.230000000000000000e+02 3.278512464663417281e-01 3.578066105074391157e+00
6.240000000000000000e+02 2.923877124257339144e-01 3.419224236284873264e+00
6.250000000000000000e+02 3.375419987206726424e-01 3.037167933751951931e+00
6.260000000000000000e+02 3.289855274313547850e-01 3.554082823941600466e+00
6.270000000000000000e+02 3.254541130256407011e-01 3.291777197785232367e+00
6.280000000000000000e+02 3.109955012023594145e-01 3.238719893989784548e+00
6.290000000000000000e+02 3.290350316577722034e-01 2.880227247239543154e+00
6.300000000000000000e+02 3.446160986692706207e-01 3.293639908508223080e+00
6.310000000000000000e+02 3.291428094298542995e-01 3.405301697368372515e+00
6.320000000000000000e+02 2.776687260738336938e-01 3.698165569146243392e+00
6.330000000000000000e+02 3.532074800471669551e-01 3.488239217219747168e+00
6.340000000000000000e+02 3.009305624361508502e-01 3.440065529246115528e+00
6.350000000000000000e+02 2.750100092080237646e-01 3.266019750229679275e+00
6.360000000000000000e+02 2.904172914576278464e-01 3.487633542156357791e+00
6.370000000000000000e+02 3.166758746562403082e-01 3.304215244700150933e+00
6.380000000000000000e+02 2.989281427439008931e-01 3.686008252668449892e+00
6.390000000000000000e+02 2.772738864434133865e-01 3.679974610296838922e+00
6.400000000000000000e+02 3.511012522671622116e-01 3.606005121557736892e+00
6.410000000000000000e+02 2.947613074991506377e-01 3.086527269014599284e+00
6.420000000000000000e+02 3.024068482807261704e-01 3.417471728061903136e+00
6.430000000000000000e+02 2.810418793143443783e-01 3.526664254627311035e+00
6.440000000000000000e+02 3.423668303594146756e-01 3.470955107831470432e+00
6.450000000000000000e+02 2.356453332593051730e-01 3.327255371693083941e+00
6.460000000000000000e+02 3.462121697095813522e-01 3.417007212888000467e+00
6.470000000000000000e+02 3.321012864841086376e-01 3.401546251964153722e+00
6.480000000000000000e+02 2.735894547813215727e-01 3.334516263319549978e+00
6.490000000000000000e+02 3.238100628897390143e-01 3.403588683580971441e+00
6.500000000000000000e+02 3.233192344490441461e-01 3.462542976800174088e+00
6.510000000000000000e+02 2.623640337530720457e-01 3.274743340531004687e+00
6.520000000000000000e+02 3.170685585452036603e-01 3.941775870426992068e+00
6.530000000000000000e+02 3.145894935613333110e-01 3.284541717807509364e+00
6.540000000000000000e+02 3.124310580842578067e-01 3.353280385104596029e+00
6.550000000000000000e+02 3.192251553348109949e-01 3.176525713224369607e+00
6.560000000000000000e+02 3.235900821964688423e-01 3.284544735487296307e+00
6.570000000000000000e+02 3.162948138166948864e-01 3.450250344283348980e+00
6.580000000000000000e+02 2.740305295242750350e-01 3.486974674489224935e+00
6.590000000000000000e+02 3.207380858432386517e-01 3.291902381899741048e+00
6.600000000000000000e+02 2.917915602024738209e-01 2.965853656670524696e+00
6.610000000000000000e+02 3.057172613159415131e-01 3.596082742743637262e+00
6.620000000000000000e+02 3.151793218598338830e-01 3.668757327928252376e+00
6.630000000000000000e+02 3.482521125055930145e-01 3.425998574071421832e+00
6.640000000000000000e+02 2.656069665993611717e-01 3.489308512608786828e+00
6.650000000000000000e+02 3.079118339294926177e-01 3.015564251534305740e+00
6.660000000000000000e+02 2.825038830891166697e-01 3.436805552598872993e+00
6.670000000000000000e+02 3.013620109552295201e-01 3.376640685929961361e+00
6.680000000000000000e+02 3.586215514778817171e-01 3.629297312700523470e+00
6.690000000000000000e+02 2.649397027016300310e-01 3.462186484274566656e+00
6.700000000000000000e+02 2.954678768384369492e-01 3.493725346896056738e+00
6.710000000000000000e+02 3.118588738936316496e-01 3.466707168711979481e+00
6.720000000000000000e+02 2.863698255667155856e-01 3.104639031717496778e+00
6.730000000000000000e+02 2.993828249500593564e-01 3.168748467165776628e+00
6.740000000000000000e+02 2.965338713942650695e-01 3.162500592032433833e+00
6.750000000000000000e+02 2.719460384231772165e-01 3.492072867378268164e+00
6.760000000000000000e+02 3.318664484204169041e-01 3.383969273553358192e+00
6.770000000000000000e+02 3.518768156233306188e-01 3.296973144800465771e+00
6.780000000000000000e+02 3.080229983980533603e-01 3.648686979609407910e+00
6.790000000000000000e+02 2.942140836525893310e-01 3.544074946633271050e+00
6.800000000000000000e+02 2.967152635538897743e-01 3.383973073890143457e+00
6.810000000000000000e+02 3.031189226019586069e-01 3.429150974802424034e+00
6.820000000000000000e+02 2.859361915061572890e-01 3.347539721967866200e+00
6.830000000000000000e+02 2.942578471041035759e-01 2.878098759838043197e+00
6.840000000000000000e+02 3.040615992658415312e-01 3.579810083518007335e+00
6.850000000000000000e+02 3.521931771434099190e-01 3.445700071892648264e+00
6.860000000000000000e+02 3.304923294740029216e-01 3.343839301253265006e+00
6.870000000000000000e+02 2.757564817062729823e-01 3.359624689480043891e+00
6.880000000000000000e+02 3.585116143564592850e-01 3.452068981999755870e+00
6.890000000000000000e+02 3.167260672627765783e-01 3.497479382896977018e+00
6.900000000000000000e+02 3.056105193352912086e-01 3.255757964055320031e+00
6.910000000000000000e+02 3.033777179125360379e-01 3.016080544026046972e+00
6.920000000000000000e+02 2.902814207645473821e-01 3.402342803246396929e+00
6.930000000000000000e+02 2.814766745200300568e-01 3.277941323157145703e+00
6.940000000000000000e+02 3.101757927167522189e-01 3.656484166492744325e+00
6.950000000000000000e+02 3.213982149413888711e-01 3.659930076958349598e+00
6.960000000000000000e+02 2.998024661133291136e-01 3.354937751165149251e+00
6.970000000000000000e+02 2.772648956986775159e-01 3.462638703243825944e+00
6.980000000000000000e+02 3.153395790379769914e-01 3.055631459710905773e+00
6.990000000000000000e+02 2.827811526729264724e-01 3.384943350133079232e+00
7.000000000000000000e+02 2.844684494306748967e-01 3.482238474535838346e+00
7.010000000000000000e+02 3.118106121555951349e-01 3.318919567480488553e+00
7.020000000000000000e+02 2.862685456496733560e-01 3.493191742585601389e+00
7.030000000000000000e+02 3.066361433311171059e-01 3.446509274931189193e+00
7.040000000000000000e+02 2.927740645398946295e-01 3.469317497639593739e+00
7.050000000000000000e+02 3.033975853704999337e-01 3.011003181792482053e+00
7.060000000000000000e+02 2.545820629012953140e-01 3.555384029497774989e+00
7.070000000000000000e+02 3.199239788309138910e-01 3.368644110869253971e+00
7.080000000000000000e+02 3.137132262610209388e-01 3.491814273535253754e+00
7.090000000000000000e+02 2.655975392337927010e-01 3.213025240316792264e+00
7.100000000000000000e+02 3.269129413336036571e-01 3.492860821923254644e+00
7.110000000000000000e+02 2.635514632508969557e-01 2.874351648356987088e+00
7.120000000000000000e+02 3.495276198941067447e-01 3.763633914540571723e+00
7.130000000000000000e+02 2.747684728508553165e-01 3.308050158234915994e+00
7.140000000000000000e+02 2.586028036695491306e-01 3.784989682441179948e+00
7.150000000000000000e+02 3.005251139018338957e-01 3.334201882124293359e+00
7.160000000000000000e+02 2.881355026302787614e-01 3.411697012246606597e+00
7.170000000000000000e+02 2.976755112094863764e-01 3.505164159053641981e+00
7.180000000000000000e+02 2.926226807470174163e-01 3.492188873069552724e+00
7.190000000000000000e+02 2.695208498710532363e-01 3.218708627455812543e+00
7.200000000000000000e+02 3.819250163777294649e-01 3.167043116165349392e+00
7.210000000000000000e+02 2.882461624161002378e-01 3.128210798230330436e+00
7.220000000000000000e+02 2.791275579884805458e-01 3.442795916115770627e+00
7.230000000000000000e+02 3.169588354329187507e-01 3.714140544782010167e+00
7.240000000000000000e+02 2.820770332647353218e-01 3.306022708751639616e+00
7.250000000000000000e+02 3.001402583793350565e-01 3.429267998530660666e+00
7.260000000000000000e+02 2.909954020021509602e-01 3.437638262186756499e+00
7.270000000000000000e+02 2.743348911416714775e-01 3.604441275963416569e+00
7.280000000000000000e+02 2.688505019432737009e-01 3.321760862416902604e+00
7.290000000000000000e+02 2.985922200317235320e-01 3.634243114420222298e+00
7.300000000000000000e+02 2.884171307428826103e-01 2.924724102712334961e+00
7.310000000000000000e+02 2.566278937577620156e-01 3.003139019185469216e+00
7.320000000000000000e+02 2.938958522946150675e-01 3.506486219314774555e+00
7.330000000000000000e+02 2.574649079919926753e-01 3.670595389319089019e+00
7.340000000000000000e+02 2.842902721887095585e-01 3.683208153798029905e+00
7.350000000000000000e+02 2.957487984262791025e-01 3.452126118545089106e+00
7.360000000000000000e+02 2.903555196513982195e-01 3.403611635781164768e+00
7.370000000000000000e+02 3.137680508202406182e-01 3.416449497676899316e+00
7.380000000000000000e+02 2.895021890015451183e-01 3.730361649536774848e+00
7.390000000000000000e+02 2.948301847119363939e-01 3.640653606769135298e+00
7.400000000000000000e+02 2.598185928288808677e-01 3.272870898765818826e+00
7.410000000000000000e+02 2.949805628904765831e-01 3.265505896770383387e+00
7.420000000000000000e+02 3.216288365647620440e-01 3.232868181776758387e+00
7.430000000000000000e+02 2.527111967921160107e-01 3.379424151730641146e+00
7.440000000000000000e+02 2.919443567481559976e-01 3.235489044203294640e+00
7.450000000000000000e+02 2.799275839720965497e-01 3.419570870254140083e+00
7.460000000000000000e+02 2.868934747638161586e-01 3.429534894288537750e+00
7.470000000000000000e+02 2.813285481769582930e-01 3.609865565777516938e+00
7.480000000000000000e+02 2.731245943339833393e-01 3.301664011225818207e+00
7.490000000000000000e+02 2.526152972958128351e-01 3.250252844460297830e+00
7.500000000000000000e+02 2.610145912112034616e-01 3.613406986906497309e+00
7.510000000000000000e+02 3.240370038221949689e-01 3.739692119797705327e+00
7.520000000000000000e+02 3.118890644887828967e-01 3.364025053680375521e+00
7.530000000000000000e+02 2.369611652036879013e-01 3.225323442969854959e+00
7.540000000000000000e+02 3.118014988039297108e-01 3.444093215448243761e+00
7.550000000000000000e+02 2.802695368522221120e-01 3.531380580021784787e+00
7.560000000000000000e+02 2.413588480743686648e-01 3.467145670254015766e+00
7.570000000000000000e+02 3.054421897926144491e-01 3.709149719668749512e+00
7.580000000000000000e+02 3.141787013749486324e-01 3.330746904339949577e+00
7.590000000000000000e+02 2.682631981847346525e-01 3.367222498567080002e+00
7.600000000000000000e+02 3.244791937348902588e-01 3.506714382953671549e+00
7.610000000000000000e+02 2.440724352939064867e-01 3.341164382171907477e+00
7.620000000000000000e+02 3.115024137167694551e-01 3.382124109953339008e+00
7.630000000000000000e+02 2.537032389718279490e-01 3.392644617484858127e+00
7.640000000000000000e+02 2.944844254496761238e-01 3.380303244978319022e+00
7.650000000000000000e+02 3.048506286549045319e-01 3.320245127892459625e+00
7.660000000000000000e+02 3.029547407605800990e-01 3.395269834770346495e+00
7.670000000000000000e+02 2.286912876075690437e-01 3.524336259493114909e+00
7.680000000000000000e+02 2.924318843019579894e-01 3.449644369207030437e+00
7.690000000000000000e+02 3.053047694804511547e-01 3.549780518984413824e+00
7.700000000000000000e+02 3.063515501086253034e-01 3.602684783831735960e+00
7.710000000000000000e+02 2.766819754598781600e-01 3.336652588429056543e+00
7.720000000000000000e+02 2.965714553136538645e-01 3.293362568355610254e+00
7.730000000000000000e+02 2.694003143051985627e-01 3.365578286706622624e+00
7.740000000000000000e+02 3.202282696357110492e-01 3.471544474752616960e+00
7.750000000000000000e+02 3.059057988256675964e-01 3.544310787419622244e+00
7.760000000000000000e+02 2.727399002333950051e-01 3.392583655861188596e+00
7.770000000000000000e+02 2.804916627565890441e-01 3.448481005577286762e+00
7.780000000000000000e+02 2.766589868029959431e-01 3.328368320520453505e+00
7.790000000000000000e+02 2.716521261355239747e-01 3.088573068596628168e+00
7.800000000000000000e+02 2.933093324606250163e-01 3.126029030678061371e+00
7.810000000000000000e+02 2.718939267964405881e-01 3.500013989184175944e+00
7.820000000000000000e+02 2.666621937391527308e-01 3.328903224886934353e+00
7.830000000000000000e+02 2.734930292655547990e-01 3.146914550458744575e+00
7.840000000000000000e+02 2.857695022000228402e-01 3.638134832998145551e+00
7.850000000000000000e+02 2.823893328491601240e-01 3.247466983746721159e+00
7.860000000000000000e+02 2.691153929061176897e-01 3.626490219930087022e+00
7.870000000000000000e+02 3.100976822436291580e-01 3.343395235230510742e+00
7.880000000000000000e+02 2.775046197865476127e-01 3.370110867504457541e+00
7.890000000000000000e+02 2.695996346873640315e-01 3.717875346909067513e+00
7.900000000000000000e+02 2.626241837668283341e-01 3.516778384999024620e+00
7.910000000000000000e+02 2.522348233009140128e-01 3.316746942190715419e+00
7.920000000000000000e+02 2.694702540007575253e-01 3.202255212170638465e+00
7.930000000000000000e+02 3.084287336984366523e-01 3.439605208889666255e+00
7.940000000000000000e+02 2.649397368623801485e-01 3.376976377040104449e+00
7.950000000000000000e+02 2.738848336240705117e-01 3.279394412594367481e+00
7.960000000000000000e+02 3.180702041577362915e-01 3.379549569246211860e+00
7.970000000000000000e+02 2.873195259940033441e-01 3.625780271168890234e+00
7.980000000000000000e+02 2.877097030077205297e-01 3.456218669653285058e+00
7.990000000000000000e+02 2.634314323178545969e-01 3.452680967023653125e+00
8.000000000000000000e+02 2.521754182300172675e-01 3.307256917648979666e+00
8.010000000000000000e+02 2.483816213291330510e-01 3.273106330538003483e+00
8.020000000000000000e+02 3.272209901793672882e-01 3.526450235802134348e+00
8.030000000000000000e+02 2.848708537622838266e-01 3.322936289888335004e+00
8.040000000000000000e+02 2.609516481865140070e-01 3.499596002485998003e+00
8.050000000000000000e+02 2.661443337713383928e-01 3.680684084643127463e+00
8.060000000000000000e+02 2.715933817465260858e-01 3.400189559760737446e+00
8.070000000000000000e+02 2.980692525591722708e-01 3.701808968718408366e+00
8.080000000000000000e+02 2.428741055010393557e-01 3.641805610393751280e+00
8.090000000000000000e+02 2.483344110708261276e-01 3.356583990102582682e+00
8.100000000000000000e+02 2.734243885044073119e-01 3.391778983121686686e+00
8.110000000000000000e+02 2.804694404721163048e-01 3.433226720515114128e+00
8.120000000000000000e+02 2.853554629122310171e-01 3.639618983116482021e+00
8.130000000000000000e+02 2.631720439725344640e-01 3.421863323026194781e+00
8.140000000000000000e+02 2.766595197343710288e-01 3.538352353306398079e+00
8.150000000000000000e+02 2.856118056030412800e-01 3.497612152286468490e+00
8.160000000000000000e+02 2.831861018868213065e-01 3.074511309320591135e+00
8.170000000000000000e+02 2.737360431811947103e-01 3.531238789482282758e+00
8.180000000000000000e+02 2.428765213823628477e-01 3.380527067599691016e+00
8.190000000000000000e+02 2.717547047583675490e-01 3.392858122879604199e+00
8.200000000000000000e+02 2.613048491250608563e-01 3.514186843386236436e+00
8.210000000000000000e+02 2.745137690437969291e-01 3.355846489462001259e+00
8.220000000000000000e+02 3.321329311842156629e-01 3.528538844581958323e+00
8.230000000000000000e+02 2.252488604171018483e-01 3.763783116991184396e+00
8.240000000000000000e+02 3.003467500355067599e-01 3.690436635031236534e+00
8.250000000000000000e+02 2.718945379942528384e-01 3.482056423437785764e+00
8.260000000000000000e+02 2.491869553923606873e-01 3.420977786248239116e+00
8.270000000000000000e+02 2.743821776755741015e-01 3.587199330329895020e+00
8.280000000000000000e+02 2.957965951011204964e-01 3.458962547588763758e+00
8.290000000000000000e+02 2.726702138627927208e-01 3.415973717311643121e+00
8.300000000000000000e+02 2.933712742101829418e-01 3.708290992177622591e+00
8.310000000000000000e+02 2.511625844870031266e-01 3.501841402538282910e+00
8.320000000000000000e+02 2.299286258763776347e-01 3.463252429605741423e+00
8.330000000000000000e+02 3.042285559806370276e-01 3.496103793339390364e+00
8.340000000000000000e+02 2.384738673786628849e-01 3.556267618094888672e+00
8.350000000000000000e+02 3.073500831870688565e-01 3.313203446404854535e+00
8.360000000000000000e+02 2.361192368013310672e-01 3.361876920449543338e+00
8.370000000000000000e+02 2.608093873646857852e-01 3.746778196278088835e+00
8.380000000000000000e+02 2.848231414426392605e-01 3.556999120726121788e+00
8.390000000000000000e+02 2.414037274694559032e-01 3.390795559599368403e+00
8.400000000000000000e+02 2.371812479535706231e-01 3.538252817009979623e+00
8.410000000000000000e+02 2.807319795523688932e-01 3.247140202363101302e+00
8.420000000000000000e+02 2.445193105905326403e-01 3.405501538333422396e+00
8.430000000000000000e+02 2.792211502330463890e-01 3.266838458349119900e+00
8.440000000000000000e+02 2.789167139512750970e-01 3.420419537969182411e+00
8.450000000000000000e+02 2.545920831052197464e-01 3.288199677176676161e+00
8.460000000000000000e+02 3.031389578777440308e-01 3.478522356951011751e+00
8.470000000000000000e+02 2.471705025962268598e-01 3.305075087983307291e+00
8.480000000000000000e+02 2.828565886380319805e-01 3.497128373998688922e+00
8.490000000000000000e+02 2.497807381309799235e-01 3.476737850290251508e+00
8.500000000000000000e+02 2.667563313420084348e-01 3.238798765381811773e+00
8.510000000000000000e+02 2.645604771341762418e-01 3.285618731003195236e+00
8.520000000000000000e+02 2.656186701847720877e-01 3.641964371560793001e+00
8.530000000000000000e+02 2.787625531176316507e-01 3.300024285890886588e+00
8.540000000000000000e+02 3.033631724711130517e-01 3.132969224920120421e+00
8.550000000000000000e+02 2.621090836515745925e-01 3.469970020915669640e+00
8.560000000000000000e+02 2.425846206686685103e-01 3.494344622545560775e+00
8.570000000000000000e+02 2.618833171792334658e-01 3.496626710684102246e+00
8.580000000000000000e+02 2.453445264471923182e-01 3.338149238394029883e+00
8.590000000000000000e+02 2.674270323918758741e-01 3.496893053996026790e+00
8.600000000000000000e+02 2.852326597458554880e-01 3.188319990700664963e+00
8.610000000000000000e+02 2.641463348722186688e-01 3.370475551905583789e+00
8.620000000000000000e+02 2.363678039886902282e-01 3.501531500428785471e+00
8.630000000000000000e+02 2.611821162080881220e-01 3.635692735714905588e+00
8.640000000000000000e+02 2.474602596002186128e-01 3.518304991445278418e+00
8.650000000000000000e+02 2.818550566993623385e-01 3.592456275389052767e+00
8.660000000000000000e+02 2.663733230530005436e-01 3.397350613887493598e+00
8.670000000000000000e+02 2.419216585604800351e-01 3.565717200755381011e+00
8.680000000000000000e+02 2.414711206885104544e-01 3.265140518221695931e+00
8.690000000000000000e+02 2.698116150839748872e-01 3.518198367300158225e+00
8.700000000000000000e+02 2.327577081131412262e-01 3.475068125392598350e+00
8.710000000000000000e+02 2.689193581852072357e-01 3.521457111022296083e+00
8.720000000000000000e+02 2.659195810096424695e-01 3.477237353477145909e+00
8.730000000000000000e+02 2.634520320150353090e-01 3.568996177875424891e+00
8.740000000000000000e+02 2.444664550907334755e-01 3.480978797931975510e+00
8.750000000000000000e+02 2.795653251796653693e-01 3.306944329783601422e+00
8.760000000000000000e+02 2.485553853340888852e-01 3.606259438745861523e+00
8.770000000000000000e+02 3.008168418859196169e-01 3.635671235480398611e+00
8.780000000000000000e+02 2.661705197404788392e-01 3.460598805646245779e+00
8.790000000000000000e+02 2.653828601978543977e-01 3.517492532038031250e+00
8.800000000000000000e+02 2.724318234151597018e-01 3.364805491984496300e+00
8.810000000000000000e+02 2.423831683024461336e-01 3.384705083463638520e+00
8.820000000000000000e+02 2.424866360852042380e-01 3.129007624264898535e+00
8.830000000000000000e+02 2.810577481621944207e-01 3.562480392234591786e+00
8.840000000000000000e+02 2.332864193268465169e-01 3.237376890638613336e+00
8.850000000000000000e+02 2.674275696592346430e-01 3.408748458535646897e+00
8.860000000000000000e+02 2.880613038033416617e-01 3.557315272066866374e+00
8.870000000000000000e+02 2.731774860237983216e-01 3.462465378300371821e+00
8.880000000000000000e+02 2.558342239025838127e-01 3.413753760224329969e+00
8.890000000000000000e+02 2.597958258552148236e-01 3.507599204821925554e+00
8.900000000000000000e+02 2.487857124821913068e-01 3.491325928787707422e+00
8.910000000000000000e+02 2.355073879977535312e-01 3.288630924826955404e+00
8.920000000000000000e+02 2.741210829838807705e-01 3.365249511811487348e+00
8.930000000000000000e+02 2.640844714995034814e-01 3.471907235541433767e+00
8.940000000000000000e+02 2.513794246410374633e-01 3.474550084123071425e+00
8.950000000000000000e+02 2.642572194216795678e-01 3.456177111806994162e+00
8.960000000000000000e+02 2.366274594606954107e-01 3.549804579017816319e+00
8.970000000000000000e+02 3.032841885796802028e-01 3.550346529708718446e+00
8.980000000000000000e+02 2.692758876651791811e-01 3.042927724702610970e+00
8.990000000000000000e+02 2.518729395734692345e-01 3.582728625381979004e+00
9.000000000000000000e+02 2.582964627191751128e-01 3.159231384883598448e+00
9.010000000000000000e+02 2.751258902294087538e-01 3.726418405554983160e+00
9.020000000000000000e+02 2.437805113392472744e-01 3.575567453277820551e+00
9.030000000000000000e+02 3.016469204333814269e-01 3.615339766739068761e+00
9.040000000000000000e+02 2.418076826633233367e-01 3.226861134841930046e+00
9.050000000000000000e+02 2.956557621493947630e-01 3.411808462551266352e+00
9.060000000000000000e+02 2.402295173231321634e-01 3.567924679104233388e+00
9.070000000000000000e+02 2.226469403161545346e-01 3.276989736473958192e+00
9.080000000000000000e+02 2.815851632928110804e-01 3.201174591380037793e+00
9.090000000000000000e+02 2.332941299174328964e-01 3.342367127429591189e+00
9.100000000000000000e+02 2.438190589776182415e-01 3.423188373900636350e+00
9.110000000000000000e+02 2.200991463845188567e-01 3.532848074232026736e+00
9.120000000000000000e+02 2.502030491368057996e-01 2.985116086262230795e+00
9.130000000000000000e+02 2.322696829046803635e-01 3.696821923179792524e+00
9.140000000000000000e+02 2.685531505947186814e-01 3.365316078347979634e+00
9.150000000000000000e+02 2.535848730848622168e-01 3.416240325513875575e+00
9.160000000000000000e+02 2.858972252528905744e-01 3.564068957406308247e+00
9.170000000000000000e+02 2.895703532255914925e-01 3.083008567549839984e+00
9.180000000000000000e+02 2.134374701715309741e-01 3.531724699003775836e+00
9.190000000000000000e+02 2.892856481917125411e-01 3.462464861842128983e+00
9.200000000000000000e+02 2.641554125329776959e-01 3.673035120237375217e+00
9.210000000000000000e+02 2.293646922815091860e-01 3.632800609522184310e+00
9.220000000000000000e+02 2.621675933876916886e-01 3.494526135731158778e+00
9.230000000000000000e+02 2.536419297540507545e-01 3.388644622095437597e+00
9.240000000000000000e+02 2.481986970632477085e-01 3.631930075812928038e+00
9.250000000000000000e+02 2.766487599187290591e-01 3.147730552752236122e+00
9.260000000000000000e+02 2.961899517271985305e-01 3.549874869936263444e+00
9.270000000000000000e+02 2.356754610830937569e-01 3.569039167444314931e+00
9.280000000000000000e+02 2.394149882947401164e-01 3.598716139274342307e+00
9.290000000000000000e+02 2.349382452224929863e-01 3.656674870385832943e+00
9.300000000000000000e+02 2.720693133292785282e-01 3.640857349459422299e+00
9.310000000000000000e+02 2.684372289576828496e-01 3.076635983581986089e+00
9.320000000000000000e+02 2.484432479238045388e-01 3.356203909536231489e+00
9.330000000000000000e+02 2.672752505899153586e-01 3.728114836793852582e+00
9.340000000000000000e+02 2.344882228672746649e-01 3.202666607062252702e+00
9.350000000000000000e+02 2.544259035083745735e-01 3.595380816127461632e+00
9.360000000000000000e+02 2.355413565988660751e-01 3.285457405019740929e+00
9.370000000000000000e+02 2.541703676809439760e-01 3.592392796874911198e+00
9.380000000000000000e+02 2.569908233186633528e-01 3.177013841353583778e+00
9.390000000000000000e+02 2.511545380884607215e-01 3.487007907236262749e+00
9.400000000000000000e+02 2.585647993449463611e-01 3.652059085656319759e+00
9.410000000000000000e+02 2.863014442598925124e-01 3.288226697285739242e+00
9.420000000000000000e+02 2.120365228158296866e-01 3.657959934588959516e+00
9.430000000000000000e+02 2.801078645293059721e-01 3.561644286133554438e+00
9.440000000000000000e+02 2.521586947597012629e-01 3.753040244167532791e+00
9.450000000000000000e+02 2.660712331865545677e-01 3.349861399874805024e+00
9.460000000000000000e+02 2.315192041106092224e-01 3.613585393210799968e+00
9.470000000000000000e+02 2.408128062585424833e-01 3.451578827139601291e+00
9.480000000000000000e+02 2.699793466409951548e-01 3.678199538125701107e+00
9.490000000000000000e+02 2.477428737474010878e-01 3.404798251537522358e+00
9.500000000000000000e+02 2.216771287632357257e-01 3.392456763887612858e+00
9.510000000000000000e+02 2.460610400073374449e-01 3.488152031801608377e+00
9.520000000000000000e+02 2.399826562896217319e-01 3.747349851363283246e+00
9.530000000000000000e+02 2.599185637106845026e-01 3.426869792412258420e+00
9.540000000000000000e+02 2.517301890558295563e-01 3.751799039986033257e+00
9.550000000000000000e+02 2.513540967838051587e-01 3.426008733505780501e+00
9.560000000000000000e+02 2.062174432603059715e-01 3.416411433233751183e+00
9.570000000000000000e+02 2.729440810765608183e-01 3.520286971668027398e+00
9.580000000000000000e+02 2.359939652294535950e-01 3.326125847410913661e+00
9.590000000000000000e+02 2.287648186608119971e-01 3.348486016900515061e+00
9.600000000000000000e+02 2.419646323956165246e-01 3.733581242609785189e+00
9.610000000000000000e+02 2.441262919906675155e-01 3.537444006721928602e+00
9.620000000000000000e+02 2.629206959064369076e-01 3.439392831744234158e+00
9.630000000000000000e+02 2.504243515450038093e-01 3.452263003682882747e+00
9.640000000000000000e+02 2.652424992849727881e-01 3.605969106683883485e+00
9.650000000000000000e+02 2.493877160340959021e-01 3.781129856414130685e+00
9.660000000000000000e+02 2.604974737770667792e-01 3.639344159508305143e+00
9.670000000000000000e+02 2.441773414853914970e-01 3.482434066528851790e+00
9.680000000000000000e+02 2.762507463450551981e-01 3.103885879450854812e+00
9.690000000000000000e+02 2.314023145396568171e-01 3.509431148648089138e+00
9.700000000000000000e+02 2.740510840686136707e-01 3.307395464969131282e+00
9.710000000000000000e+02 2.600052417583527675e-01 3.236489769509292014e+00
9.720000000000000000e+02 2.318959003972581034e-01 3.370696514196077409e+00
9.730000000000000000e+02 2.399115894573863872e-01 3.535140771651302583e+00
9.740000000000000000e+02 2.477366162426194729e-01 3.712121564867880696e+00
9.750000000000000000e+02 2.455987779058933507e-01 2.887166247139475228e+00
9.760000000000000000e+02 2.670283210437342514e-01 3.605604561389098350e+00
9.770000000000000000e+02 2.744945407978990892e-01 3.314687176089847309e+00
9.780000000000000000e+02 2.576056245354304552e-01 3.438034771488782226e+00
9.790000000000000000e+02 2.408739088077452295e-01 3.260651717338229894e+00
9.800000000000000000e+02 2.310549600593061748e-01 3.543070675326708496e+00
9.810000000000000000e+02 2.387294195610560887e-01 3.609628823395218511e+00
9.820000000000000000e+02 2.522290342881561287e-01 3.676538156148138281e+00
9.830000000000000000e+02 2.416348241832467492e-01 3.791719281621526161e+00
9.840000000000000000e+02 2.417250079270013563e-01 3.610435515598911849e+00
9.850000000000000000e+02 2.381543356359343833e-01 3.561691662050642915e+00
9.860000000000000000e+02 2.374052348670002699e-01 3.464237576126187435e+00
9.870000000000000000e+02 2.345560827480884791e-01 3.682506851257191460e+00
9.880000000000000000e+02 2.239472866881484503e-01 3.497722935780385622e+00
9.890000000000000000e+02 2.367215926670427628e-01 3.527863945947157021e+00
9.900000000000000000e+02 2.259097765607624708e-01 3.736431218889178396e+00
9.910000000000000000e+02 2.639958664278592715e-01 3.471361489012210200e+00
9.920000000000000000e+02 2.303648083326742813e-01 3.694113404034530035e+00
9.930000000000000000e+02 2.656140752998737975e-01 3.573877838076631619e+00
9.940000000000000000e+02 2.470972524194771647e-01 3.398087959071548259e+00
9.950000000000000000e+02 2.234033885038935185e-01 3.431635913378268565e+00
9.960000000000000000e+02 2.321766272340853310e-01 3.670106966367480794e+00
9.970000000000000000e+02 2.179845027852667927e-01 3.772714755877700998e+00
9.980000000000000000e+02 2.480204105377197266e-01 3.606695714467495595e+00
9.990000000000000000e+02 2.461304836646993344e-01 3.632280467902627930e+00
1.000000000000000000e+03 2.419037434383682073e-01 3.748446948815499447e+00
