1.000000000000000000e+00 3.386114243534251944e+00 9.614180765344892521e+00
2.000000000000000000e+00 2.150218290910819618e+00 7.187287172101103572e+00
3.000000000000000000e+00 2.056022608690915021e+00 9.828876847642078474e+00
4.000000000000000000e+00 1.979742336622316579e+00 8.793572704311831245e+00
5.000000000000000000e+00 1.695320932353900689e+00 7.514726742800642789e+00
6.000000000000000000e+00 1.731449072498467245e+00 4.835213355464482277e+00
7.000000000000000000e+00 1.679441845687623447e+00 8.835565098986462473e+00
8.000000000000000000e+00 1.476644516822341879e+00 6.162526683002160333e+00
9.000000000000000000e+00 1.581132285382083724e+00 7.098938589674816058e+00
1.000000000000000000e+01 1.616515369790016976e+00 6.765603782633678343e+00
1.100000000000000000e+01 1.569444961330042076e+00 6.019816666605604993e+00
1.200000000000000000e+01 1.614592090873617769e+00 8.764014989740511297e+00
1.300000000000000000e+01 1.534288830156987249e+00 6.884993304048804497e+00
1.400000000000000000e+01 1.374063298741622141e+00 1.001091584681206470e+01
1.500000000000000000e+01 1.434916624167113408e+00 1.038583720684470890e+01
1.600000000000000000e+01 1.538317191124832117e+00 4.912211805660680497e+00
1.700000000000000000e+01 1.568344086853173502e+00 7.200036060631851420e+00
1.800000000000000000e+01 1.335047407047826873e+00 1.088387749922726400e+01
1.900000000000000000e+01 1.315158248487686254e+00 1.069216417029119981e+01
2.000000000000000000e+01 1.489624679242212757e+00 6.036304540978048472e+00
2.100000000000000000e+01 1.492160572354081838e+00 8.844370797525504813e+00
2.200000000000000000e+01 1.289196777701329566e+00 4.052873187035768154e+00
2.300000000000000000e+01 1.173994710457693769e+00 7.160198640278167659e+00
2.400000000000000000e+01 1.331024998559713568e+00 1.011527332047569061e+01
2.500000000000000000e+01 1.327363099374049282e+00 9.006455629461148860e+00
2.600000000000000000e+01 1.447515702771908552e+00 6.295994123661842856e+00
2.700000000000000000e+01 1.178081241814192381e+00 8.016667853349536799e+00
2.800000000000000000e+01 1.261270919192112760e+00 5.051498343887932840e+00
2.900000000000000000e+01 1.325475323138777695e+00 7.759180932896327931e+00
3.000000000000000000e+01 1.181312395862581965e+00 8.421659986282925558e+00
3.100000000000000000e+01 1.293162087804263338e+00 6.065004867110843634e+00
3.200000000000000000e+01 1.128028777010971373e+00 3.551051135428033412e+00
3.300000000000000000e+01 1.148891803746645124e+00 7.766955515744923488e+00
3.400000000000000000e+01 1.083716208113558954e+00 8.948039740979304213e+00
3.500000000000000000e+01 1.386316972405600367e+00 7.459782709442111859e+00
3.600000000000000000e+01 9.171402767934826450e-01 7.505505995469441416e+00
3.700000000000000000e+01 1.297558356959795267e+00 7.589052690155377867e+00
3.800000000000000000e+01 1.318571966425404085e+00 7.021596877535078995e+00
3.900000000000000000e+01 1.122906621123097581e+00 6.404098119039543846e+00
4.000000000000000000e+01 1.055921224050037743e+00 1.106889483251378792e+01
4.100000000000000000e+01 1.206745091326457908e+00 7.720869456872462067e+00
4.200000000000000000e+01 1.032853212721325908e+00 8.809241164013704051e+00
4.300000000000000000e+01 1.102609283684455210e+00 4.139150558277086667e+00
4.400000000000000000e+01 1.100851653464950841e+00 4.288961363132312243e+00
4.500000000000000000e+01 9.854495427312072175e-01 7.786002737026834986e+00
4.600000000000000000e+01 1.086734717933330430e+00 8.282757892457665250e+00
4.700000000000000000e+01 1.113311326150427050e+00 4.922509404788860010e+00
4.800000000000000000e+01 1.049514109180144761e+00 6.389581413570997626e+00
4.900000000000000000e+01 1.149677119754710874e+00 9.922824826068593396e+00
5.000000000000000000e+01 9.803821266543106816e-01 7.542118484342737794e+00
5.100000000000000000e+01 1.142054946970060270e+00 9.878724702954187364e+00
5.200000000000000000e+01 1.109565280563298728e+00 8.727493745775314338e+00
5.300000000000000000e+01 1.022474402583075426e+00 7.167875854404956115e+00
5.400000000000000000e+01 9.350260666497187678e-01 8.875079415823769580e+00
5.500000000000000000e+01 1.095404502700558780e+00 5.119721637027979000e+00
5.600000000000000000e+01 1.058578818345192740e+00 3.884406018487801315e+00
5.700000000000000000e+01 1.198270430930368668e+00 7.051281698356098637e+00
5.800000000000000000e+01 8.838700001540872320e-01 9.281289635778207980e+00
5.900000000000000000e+01 1.002573918020412069e+00 6.489715643692352209e+00
6.000000000000000000e+01 1.135931289841219272e+00 6.709561683466902515e+00
6.100000000000000000e+01 8.981759033541472093e-01 1.153801232256591547e+01
6.200000000000000000e+01 1.107427320836745555e+00 4.808578598153308015e+00
6.300000000000000000e+01 8.853956174985764260e-01 6.644762217841236662e+00
6.400000000000000000e+01 1.032688225354857714e+00 6.568931345574774205e+00
6.500000000000000000e+01 9.077115316980892690e-01 8.273287101282607026e+00
6.600000000000000000e+01 1.015632275024999531e+00 6.771566362473245171e+00
6.700000000000000000e+01 9.431198767360328139e-01 5.267202650756298787e+00
6.800000000000000000e+01 9.267007758476070167e-01 9.976072210749723723e+00
6.900000000000000000e+01 8.625863865652111384e-01 1.019498377341184003e+01
7.000000000000000000e+01 8.472388187375782254e-01 7.734190297525183055e+00
7.100000000000000000e+01 1.058389454219908599e+00 6.533556712543953537e+00
7.200000000000000000e+01 9.817294249475556622e-01 7.670128553083515044e+00
7.300000000000000000e+01 9.095681191412443578e-01 9.365478427554812413e+00
7.400000000000000000e+01 8.597605785618545049e-01 7.102233037889894796e+00
7.500000000000000000e+01 9.228692277921661802e-01 7.049009203774856402e+00
7.600000000000000000e+01 9.090330414858061037e-01 6.461897512014854073e+00
7.700000000000000000e+01 9.253231705752674729e-01 8.423830079319399644e+00
7.800000000000000000e+01 8.662146354765364320e-01 7.803850989621673229e+00
7.900000000000000000e+01 8.896085699040865435e-01 6.158960927864282731e+00
8.000000000000000000e+01 8.610781651133702086e-01 6.961751408606321689e+00
8.100000000000000000e+01 9.038813928505357032e-01 8.168926108166536082e+00
8.200000000000000000e+01 8.414946344901929054e-01 7.586025763941943723e+00
8.300000000000000000e+01 1.054432953201327905e+00 6.599580825580875221e+00
8.400000000000000000e+01 7.937557535902131090e-01 6.382395075409687202e+00
8.500000000000000000e+01 9.247121689529326227e-01 4.633591307184627084e+00
8.600000000000000000e+01 8.934300975974485137e-01 6.785119784748543381e+00
8.700000000000000000e+01 8.656975385845070425e-01 5.901923149430971627e+00
8.800000000000000000e+01 9.122769117451989818e-01 6.308964041522855837e+00
8.900000000000000000e+01 8.563714050019275437e-01 6.221170851506993671e+00
9.000000000000000000e+01 7.862633116703358072e-01 6.749559259037229531e+00
9.100000000000000000e+01 8.763979736348613825e-01 7.635105500435137138e+00
9.200000000000000000e+01 7.820534669874552591e-01 6.259460600615596171e+00
9.300000000000000000e+01 9.964233165745025600e-01 7.208511955610156008e+00
9.400000000000000000e+01 7.775041608709916119e-01 8.347813430960595582e+00
9.500000000000000000e+01 8.799103001664899670e-01 5.425626836120819974e+00
9.600000000000000000e+01 8.237391619412677279e-01 7.695490176990142928e+00
9.700000000000000000e+01 8.620314790620753342e-01 4.750464247315204780e+00
9.800000000000000000e+01 7.811449263034970780e-01 5.655190885958172764e+00
9.900000000000000000e+01 8.019920770412618527e-01 6.697483998804419691e+00
1.000000000000000000e+02 8.500144287768673923e-01 7.214291680771316884e+00
1.010000000000000000e+02 8.148825966857636827e-01 6.130546693122481017e+00
1.020000000000000000e+02 7.924010073360664430e-01 5.606441793466935053e+00
1.030000000000000000e+02 7.706718762381433718e-01 8.715097893720775701e+00
1.040000000000000000e+02 8.451247143610122192e-01 8.530421106880341497e+00
1.050000000000000000e+02 8.119044781141934175e-01 5.994185784037110665e+00
1.060000000000000000e+02 8.253869748521440730e-01 7.109725595673868526e+00
1.070000000000000000e+02 8.378731440570028610e-01 7.230106301756416443e+00
1.080000000000000000e+02 7.222943653919032814e-01 7.664316626945502087e+00
1.090000000000000000e+02 8.370162537222646248e-01 5.030059177831483375e+00
1.100000000000000000e+02 7.376922871341410337e-01 7.634364637242353702e+00
1.110000000000000000e+02 8.326734977071915678e-01 7.145270619354650243e+00
1.120000000000000000e+02 6.737781574840143728e-01 5.102288527979385258e+00
1.130000000000000000e+02 6.720069860996482625e-01 6.822379537496843227e+00
1.140000000000000000e+02 8.305745746956985087e-01 5.593629827809731836e+00
1.150000000000000000e+02 7.590994663382523155e-01 6.399356333750218617e+00
1.160000000000000000e+02 7.225146428239843654e-01 6.732456202242808274e+00
1.170000000000000000e+02 8.017631988777629282e-01 9.424427408236836001e+00
1.180000000000000000e+02 6.605554121041713467e-01 5.641265848171532760e+00
1.190000000000000000e+02 8.131852654343826314e-01 8.644611819962607413e+00
1.200000000000000000e+02 7.204769278084840467e-01 5.107950715926413032e+00
1.210000000000000000e+02 7.083870698722403159e-01 6.680214829893623474e+00
1.220000000000000000e+02 7.334463876947295846e-01 5.423225183075944145e+00
1.230000000000000000e+02 6.439784703923470133e-01 6.164059070714650090e+00
1.240000000000000000e+02 7.329509643888396653e-01 6.836777092389296762e+00
1.250000000000000000e+02 7.522647796937894649e-01 6.111459197343811489e+00
1.260000000000000000e+02 6.338346248848214515e-01 5.896452259577044330e+00
1.270000000000000000e+02 6.949119735885159743e-01 6.254413905013729291e+00
1.280000000000000000e+02 6.890289273153783478e-01 5.743480556977875295e+00
1.290000000000000000e+02 6.880619867349569985e-01 6.714894424747141599e+00
1.300000000000000000e+02 7.271126732634879408e-01 8.699849246150060722e+00
1.310000000000000000e+02 6.970365999884869934e-01 6.190565842332395263e+00
1.320000000000000000e+02 7.509249766103932577e-01 6.321452312754662017e+00
1.330000000000000000e+02 6.974736038162053786e-01 8.157888352923363229e+00
1.340000000000000000e+02 7.479935905857998391e-01 6.298973353997384450e+00
1.350000000000000000e+02 6.353801158743441757e-01 7.635681723541823729e+00
1.360000000000000000e+02 6.994214984645329425e-01 5.987827103496541348e+00
1.370000000000000000e+02 6.495790214059223855e-01 7.362736764033845027e+00
1.380000000000000000e+02 6.024063309443365988e-01 7.341418379529485172e+00
1.390000000000000000e+02 7.548222167208264999e-01 7.532173810973960215e+00
1.400000000000000000e+02 6.329346684055283667e-01 6.937579628869746884e+00
1.410000000000000000e+02 6.952469669205626479e-01 7.238785281554585005e+00
1.420000000000000000e+02 6.399594449397760787e-01 6.094881759784467334e+00
1.430000000000000000e+02 6.127162871721498760e-01 7.672092587882841208e+00
1.440000000000000000e+02 6.684135517896787615e-01 7.774658962206140167e+00
1.450000000000000000e+02 5.667838076915535650e-01 6.383063818764665776e+00
1.460000000000000000e+02 7.137249895592325810e-01 5.585072224247110029e+00
1.470000000000000000e+02 6.281080919746397928e-01 7.492318835296228663e+00
1.480000000000000000e+02 7.042579070962581289e-01 5.278929396690562825e+00
1.490000000000000000e+02 5.598086679139377964e-01 7.715381873943560009e+00
1.500000000000000000e+02 6.337658193000813567e-01 7.444727724019958970e+00
1.510000000000000000e+02 6.764399275685013535e-01 8.808934893645837150e+00
1.520000000000000000e+02 6.891052981640067854e-01 6.151506758616908321e+00
1.530000000000000000e+02 5.805519948300627009e-01 7.623230069377701312e+00
1.540000000000000000e+02 6.147933975044502786e-01 5.124236254494968001e+00
1.550000000000000000e+02 6.525152275327443796e-01 6.266390252763383906e+00
1.560000000000000000e+02 6.323995130885508020e-01 7.366555067983340699e+00
1.570000000000000000e+02 6.373907340203502914e-01 8.599518390108643828e+00
1.580000000000000000e+02 6.207847731421242132e-01 7.263933379710926452e+00
1.590000000000000000e+02 6.244855442001696622e-01 6.664765447718906444e+00
1.600000000000000000e+02 5.959753337856434907e-01 6.884394159207976926e+00
1.610000000000000000e+02 6.385208679627920603e-01 9.920695252028492561e+00
1.620000000000000000e+02 5.747106784244173650e-01 7.793534936460362772e+00
1.630000000000000000e+02 7.145464927133191591e-01 8.004820865607618074e+00
1.640000000000000000e+02 6.009078589604073262e-01 6.839325084535301968e+00
1.650000000000000000e+02 5.531280276598503631e-01 5.828229405110408656e+00
1.660000000000000000e+02 6.209074122549601560e-01 6.812755073909709580e+00
1.670000000000000000e+02 5.664015634525242371e-01 4.729209543847156638e+00
1.680000000000000000e+02 6.112928941653762438e-01 7.041413479136497955e+00
1.690000000000000000e+02 6.070078197367412276e-01 7.244265745057279382e+00
1.700000000000000000e+02 6.254061505047473490e-01 6.146195759769060629e+00
1.710000000000000000e+02 5.999051101665821006e-01 6.057345243116796674e+00
1.720000000000000000e+02 5.960563685327296968e-01 7.386488576467979073e+00
1.730000000000000000e+02 5.991384855557962963e-01 7.096931989295710785e+00
1.740000000000000000e+02 4.977225241460054295e-01 7.528633417953182416e+00
1.750000000000000000e+02 5.918071004105667221e-01 6.603282589606266129e+00
1.760000000000000000e+02 5.811644711020169662e-01 8.644737556511200793e+00
1.770000000000000000e+02 5.969305646554825540e-01 6.323683973562329363e+00
1.780000000000000000e+02 5.365389196192343890e-01 4.201789595520905252e+00
1.790000000000000000e+02 5.279183020784549152e-01 7.280983061777885013e+00
1.800000000000000000e+02 6.293884819162260946e-01 8.823943781454309132e+00
1.810000000000000000e+02 5.256381189310942448e-01 5.358759850709188477e+00
1.820000000000000000e+02 5.961122772968583394e-01 8.363800793650282728e+00
1.830000000000000000e+02 5.908948535511113764e-01 6.766603197250433688e+00
1.840000000000000000e+02 5.492975577198642156e-01 4.152073109894335978e+00
1.850000000000000000e+02 5.311502038272808424e-01 7.388987326475225714e+00
1.860000000000000000e+02 5.825115891524000888e-01 5.774238228273685714e+00
1.870000000000000000e+02 5.264290262436129852e-01 8.960395017840301790e+00
1.880000000000000000e+02 5.483575190652658637e-01 7.605825168371410427e+00
1.890000000000000000e+02 5.788263307000202085e-01 6.843969061590645886e+00
1.900000000000000000e+02 5.233356657706391690e-01 6.472634567958593266e+00
1.910000000000000000e+02 5.018960827219375309e-01 8.410121082315972885e+00
1.920000000000000000e+02 5.573244062642312979e-01 7.431944177773508464e+00
1.930000000000000000e+02 5.664565398449543654e-01 6.133076957159118159e+00
1.940000000000000000e+02 5.077516083104628430e-01 7.733337456863389470e+00
1.950000000000000000e+02 5.414866988680407944e-01 4.812266540191838082e+00
1.960000000000000000e+02 5.144213681272712391e-01 6.686685616653428532e+00
1.970000000000000000e+02 5.109407083039637643e-01 6.927129965239485543e+00
1.980000000000000000e+02 5.301176103832366815e-01 4.739290575029142971e+00
1.990000000000000000e+02 5.151328357477926723e-01 5.367164438611704114e+00
2.000000000000000000e+02 5.240228372664890166e-01 7.373870622304414368e+00
2.010000000000000000e+02 5.753586668728042364e-01 7.120096385321705412e+00
2.020000000000000000e+02 5.205421205033960996e-01 7.347292735687766196e+00
2.030000000000000000e+02 4.982413882926235438e-01 8.287672324671278901e+00
2.040000000000000000e+02 5.135056457117979090e-01 6.312950333064338615e+00
2.050000000000000000e+02 5.364171320555130018e-01 7.278981335454586699e+00
2.060000000000000000e+02 5.370803661877006085e-01 7.286177073221198341e+00
2.070000000000000000e+02 4.954530684296618026e-01 5.704297581574532927e+00
2.080000000000000000e+02 4.615910672880543242e-01 6.940992249662454761e+00
2.090000000000000000e+02 5.081071756586800214e-01 5.672774185710762751e+00
2.100000000000000000e+02 5.140057886032184387e-01 7.189388377475654401e+00
2.110000000000000000e+02 4.991879161765906958e-01 6.608895511509770060e+00
2.120000000000000000e+02 5.042349910338639329e-01 7.495036354165592662e+00
2.130000000000000000e+02 5.198435941615056066e-01 6.932808777063482530e+00
2.140000000000000000e+02 4.766147175351723719e-01 6.731742114064561022e+00
2.150000000000000000e+02 5.039082581015024154e-01 8.259815168254922568e+00
2.160000000000000000e+02 4.990548537021036735e-01 6.599937082490274776e+00
2.170000000000000000e+02 4.729548481948761540e-01 4.429174960865299049e+00
2.180000000000000000e+02 4.730729095272366291e-01 6.401239564152485073e+00
2.190000000000000000e+02 4.954992997347946182e-01 7.468791330919626326e+00
2.200000000000000000e+02 4.645519393184767698e-01 7.205321530868006974e+00
2.210000000000000000e+02 5.429637124169245377e-01 7.312714278960081415e+00
2.220000000000000000e+02 4.573053756632880495e-01 6.921184659738129241e+00
2.230000000000000000e+02 5.337496648107311614e-01 6.474497670967954477e+00
2.240000000000000000e+02 4.543630707050123618e-01 6.357378143538690907e+00
2.250000000000000000e+02 4.579712480681117359e-01 5.510386468238126056e+00
2.260000000000000000e+02 4.410077894164114998e-01 6.999749900797740843e+00
2.270000000000000000e+02 5.248236417422602607e-01 6.824754209191314480e+00
2.280000000000000000e+02 4.677911457246645699e-01 7.163646255130817764e+00
2.290000000000000000e+02 4.657522304620054787e-01 7.433558693032780162e+00
2.300000000000000000e+02 4.206641631222805544e-01 6.802005546388651069e+00
2.310000000000000000e+02 5.577844730848283694e-01 7.774614696452359475e+00
2.320000000000000000e+02 4.684966801828944760e-01 6.103378788252723730e+00
2.330000000000000000e+02 4.561311210290884266e-01 6.538093607155188280e+00
2.340000000000000000e+02 4.320893983930095827e-01 7.884351730346679688e+00
2.350000000000000000e+02 4.586265260517524700e-01 6.894300545530562374e+00
2.360000000000000000e+02 5.188974481932199234e-01 8.163737247571047462e+00
2.370000000000000000e+02 4.257858365230536846e-01 7.773535059959928439e+00
2.380000000000000000e+02 4.741294123404510286e-01 6.443783123029777293e+00
2.390000000000000000e+02 4.200211698861466281e-01 6.668212439370134526e+00
2.400000000000000000e+02 5.163381708383463220e-01 6.433662172148074454e+00
2.410000000000000000e+02 4.486851330772978486e-01 6.044316320327047798e+00
2.420000000000000000e+02 4.600273501796909859e-01 4.713982134192474582e+00
2.430000000000000000e+02 4.377057192317860834e-01 7.078257153929590650e+00
2.440000000000000000e+02 4.628949588567940476e-01 7.254786584496812907e+00
2.450000000000000000e+02 4.502582718535068640e-01 7.436919308799133432e+00
2.460000000000000000e+02 4.600000186372049105e-01 8.127816092055830666e+00
2.470000000000000000e+02 4.059325235375810248e-01 6.108080835015289090e+00
2.480000000000000000e+02 4.636647655177362215e-01 7.335947073648766192e+00
2.490000000000000000e+02 4.802176813099323649e-01 8.218277076513178514e+00
2.500000000000000000e+02 4.808491947054621130e-01 7.239792516803992939e+00
2.510000000000000000e+02 3.829453820801975716e-01 6.498325646500264341e+00
2.520000000000000000e+02 5.152487735619249998e-01 7.718778460929555330e+00
2.530000000000000000e+02 4.048803285614290814e-01 6.624463825343257284e+00
2.540000000000000000e+02 4.341886783816769069e-01 5.542832077231025778e+00
2.550000000000000000e+02 4.499097315152895682e-01 5.581592626076784747e+00
2.560000000000000000e+02 4.105907655049736427e-01 8.715840063707389618e+00
2.570000000000000000e+02 4.249997706320491897e-01 6.401304656828089357e+00
2.580000000000000000e+02 4.093377278680544462e-01 6.811222533542227175e+00
2.590000000000000000e+02 4.731987174024286924e-01 7.310942248073501126e+00
2.600000000000000000e+02 5.441360156201842102e-01 6.868605233748544592e+00
2.610000000000000000e+02 4.718837260278229695e-01 6.180087115120866947e+00
2.620000000000000000e+02 4.089151934906689045e-01 6.539493525562940945e+00
2.630000000000000000e+02 3.669841397700157049e-01 8.032960934500581018e+00
2.640000000000000000e+02 5.011898268776767695e-01 6.094538590104934705e+00
2.650000000000000000e+02 3.597920867085553365e-01 6.946914210692768599e+00
2.660000000000000000e+02 4.779120376158790817e-01 7.311954759985287211e+00
2.670000000000000000e+02 3.977576179039540860e-01 6.502938731888877832e+00
2.680000000000000000e+02 4.145145112091733197e-01 6.718731995098614185e+00
2.690000000000000000e+02 4.280610288424477883e-01 8.539184813553969633e+00
2.700000000000000000e+02 4.920161629921382396e-01 6.615602338953613604e+00
2.710000000000000000e+02 3.972153036687168237e-01 6.584072802500863020e+00
2.720000000000000000e+02 3.930877159856619452e-01 4.892820808692468937e+00
2.730000000000000000e+02 3.840021867910569653e-01 6.037178725240098132e+00
2.740000000000000000e+02 4.244057720037042181e-01 6.811400658432181565e+00
2.750000000000000000e+02 3.721802785776169853e-01 7.266201428603790369e+00
2.760000000000000000e+02 4.161695655934589677e-01 8.450171407734812234e+00
2.770000000000000000e+02 4.010191937255433992e-01 5.794592461464377564e+00
2.780000000000000000e+02 4.140596040792198229e-01 7.129384254717260561e+00
2.790000000000000000e+02 4.521790926604798422e-01 7.214772810722089424e+00
2.800000000000000000e+02 4.023032657315869232e-01 7.552283617521234227e+00
2.810000000000000000e+02 4.454945816653529400e-01 8.612701856366562936e+00
2.820000000000000000e+02 3.974173772127269633e-01 6.336050741485890647e+00
2.830000000000000000e+02 4.005472177392710442e-01 7.025538020943379536e+00
2.840000000000000000e+02 3.851294989948592096e-01 7.514251681305172959e+00
2.850000000000000000e+02 4.505301372138495464e-01 6.555198522649948067e+00
2.860000000000000000e+02 3.646078178793147884e-01 5.692359246595343869e+00
2.870000000000000000e+02 3.852073167638349616e-01 6.925217412916735427e+00
2.880000000000000000e+02 4.044078116103546061e-01 7.875413868651645721e+00
2.890000000000000000e+02 3.449748759544905563e-01 6.444924881296820729e+00
2.900000000000000000e+02 4.133324240679000505e-01 8.462328120712239610e+00
2.910000000000000000e+02 3.891402735684050262e-01 7.386105933311013061e+00
2.920000000000000000e+02 3.890276797215466154e-01 4.703173613485371440e+00
2.930000000000000000e+02 4.132884131977806463e-01 6.531877601576564274e+00
2.940000000000000000e+02 4.037323323571107014e-01 6.265396151714609729e+00
2.950000000000000000e+02 3.906503280418625601e-01 7.395712466646729766e+00
2.960000000000000000e+02 3.816725541511720166e-01 8.177905655578237898e+00
2.970000000000000000e+02 4.230534253281816315e-01 7.984445935084091950e+00
2.980000000000000000e+02 3.656205071241303561e-01 6.620491027832031250e+00
2.990000000000000000e+02 4.044737674329123567e-01 6.335755692098679503e+00
3.000000000000000000e+02 3.853602089208294501e-01 7.006512069869900827e+00
3.010000000000000000e+02 3.919445097325637839e-01 6.980283398322086441e+00
3.020000000000000000e+02 3.672656786383817207e-01 6.031347705406794546e+00
3.030000000000000000e+02 3.541001703183951355e-01 6.192773913330642088e+00
3.040000000000000000e+02 4.511422193054612784e-01 7.986423014336336834e+00
3.050000000000000000e+02 3.805413127930047379e-01 5.869698453180183684e+00
3.060000000000000000e+02 3.913432727519152721e-01 5.507586672522042370e+00
3.070000000000000000e+02 3.761033866669714065e-01 6.288675673509126263e+00
3.080000000000000000e+02 3.650315737586588005e-01 7.246452015329057694e+00
3.090000000000000000e+02 4.054532149505348793e-01 8.744354445995105252e+00
3.100000000000000000e+02 3.536396113022701182e-01 5.649561478993089914e+00
3.110000000000000000e+02 4.507195823325045869e-01 7.827781145469914215e+00
3.120000000000000000e+02 3.720971718158710417e-01 6.275626842663177385e+00
3.130000000000000000e+02 3.660165811677089098e-01 6.703945643039995517e+00
3.140000000000000000e+02 3.831703765555630192e-01 6.705932350460646063e+00
3.150000000000000000e+02 3.927624370620397820e-01 7.451672164829760803e+00
3.160000000000000000e+02 3.551216872297997540e-01 7.050406750399707434e+00
3.170000000000000000e+02 3.361851911072215038e-01 7.183892483237340976e+00
3.180000000000000000e+02 3.853857370344888067e-01 5.606054122760406599e+00
3.190000000000000000e+02 3.692372965904855420e-01 6.419604794645686674e+00
3.200000000000000000e+02 3.425186833825051291e-01 7.982224286598601282e+00
3.210000000000000000e+02 3.968689397320343537e-01 6.973638436410547037e+00
3.220000000000000000e+02 3.476353613927773423e-01 5.975764721238832955e+00
3.230000000000000000e+02 3.551861866777079602e-01 6.524248989611837857e+00
3.240000000000000000e+02 3.848343163414623680e-01 5.000461824546284184e+00
3.250000000000000000e+02 3.565198423475334222e-01 6.717436631101207034e+00
3.260000000000000000e+02 3.513004721470830427e-01 6.595003638020081382e+00
3.270000000000000000e+02 3.499482771016887983e-01 6.800113314793837738e+00
3.280000000000000000e+02 3.806311213431398666e-01 5.908277259967572803e+00
3.290000000000000000e+02 3.192237644313900002e-01 7.822958221536198131e+00
3.300000000000000000e+02 3.930927326845139458e-01 8.029700519122254576e+00
3.310000000000000000e+02 3.272571065050437489e-01 4.779218837684355847e+00
3.320000000000000000e+02 3.685689248171807320e-01 6.614459457162607414e+00
3.330000000000000000e+02 3.766720015762496931e-01 6.761299251566462054e+00
3.340000000000000000e+02 3.178897862449849843e-01 6.585000601796172859e+00
3.350000000000000000e+02 3.654208309257153120e-01 6.824482573053767709e+00
3.360000000000000000e+02 3.661077577513531245e-01 6.400582300956142667e+00
3.370000000000000000e+02 3.018832932984398809e-01 8.427294248851014302e+00
3.380000000000000000e+02 3.727916040556315536e-01 8.033132116943466627e+00
3.390000000000000000e+02 3.493015792551531495e-01 6.011734512466659019e+00
3.400000000000000000e+02 3.919337976378263755e-01 6.447586563667290882e+00
3.410000000000000000e+02 3.636754870275809570e-01 7.776756269007056410e+00
3.420000000000000000e+02 3.489916849701714674e-01 7.944206991002762841e+00
3.430000000000000000e+02 3.482683512203645915e-01 7.639220901194012647e+00
3.440000000000000000e+02 2.998539226168259741e-01 6.562258362245853682e+00
3.450000000000000000e+02 3.821165665591541027e-01 4.306270626625054554e+00
3.460000000000000000e+02 3.523260649177387127e-01 6.655790089093076567e+00
3.470000000000000000e+02 3.502298843687876584e-01 9.033497331429702015e+00
3.480000000000000000e+02 3.415934030235427965e-01 6.888125999202409311e+00
3.490000000000000000e+02 3.543615670002661644e-01 6.365938877786788908e+00
3.500000000000000000e+02 3.372618564540894037e-01 6.723183263679712418e+00
3.510000000000000000e+02 3.595986731830617678e-01 6.663772364090489120e+00
3.520000000000000000e+02 3.763437674371237773e-01 6.830099179646166085e+00
3.530000000000000000e+02 3.603482208067848025e-01 7.180846964149172784e+00
3.540000000000000000e+02 3.325952322594548094e-01 5.702214777836593917e+00
3.550000000000000000e+02 3.233583804949657359e-01 6.854383119702234239e+00
3.560000000000000000e+02 3.390340959033383283e-01 7.552230051555650192e+00
3.570000000000000000e+02 3.401052368462786357e-01 7.433975452902868319e+00
3.580000000000000000e+02 3.210974163364846978e-01 5.819722927549793035e+00
3.590000000000000000e+02 3.129073503653337363e-01 6.111114082990661167e+00
3.600000000000000000e+02 3.165289209360630518e-01 5.792754602725818103e+00
3.610000000000000000e+02 3.785791404775737390e-01 8.045571917699110287e+00
3.620000000000000000e+02 3.606835273967661237e-01 5.983628072545731591e+00
3.630000000000000000e+02 3.329175651629153743e-01 6.616791338488630103e+00
3.640000000000000000e+02 3.152933763609659379e-01 7.422073072368047697e+00
3.650000000000000000e+02 3.518098838252846083e-01 5.698840023030705915e+00
3.660000000000000000e+02 3.659848703680398940e-01 6.595764025115295581e+00
3.670000000000000000e+02 3.044305475255877913e-01 7.201789543098174207e+00
3.680000000000000000e+02 3.441821282553585992e-01 5.841818110819122722e+00
3.690000000000000000e+02 2.960165673269643527e-01 6.553552562978672391e+00
3.700000000000000000e+02 3.616158515172359089e-01 7.313648930954744110e+00
3.710000000000000000e+02 2.979452588893088949e-01 6.857384418329861120e+00
3.720000000000000000e+02 3.649330730253644295e-01 6.839871038337915543e+00
3.730000000000000000e+02 3.349236836197118095e-01 6.264949544438586315e+00
3.740000000000000000e+02 3.340966402833771554e-01 6.260541360631991736e+00
3.750000000000000000e+02 2.908682272452668971e-01 6.209208533338212987e+00
3.760000000000000000e+02 3.250788813259831711e-01 6.167753841128386760e+00
3.770000000000000000e+02 3.073473835153332501e-01 5.821441172295321209e+00
3.780000000000000000e+02 3.469617811977307453e-01 7.400157672643871365e+00
3.790000000000000000e+02 3.245276695738739670e-01 6.592130488225421914e+00
3.800000000000000000e+02 3.176731931290984190e-01 7.304524618801361946e+00
3.810000000000000000e+02 3.446343211335574641e-01 7.447666639598084615e+00
3.820000000000000000e+02 3.293467480497261901e-01 7.665639879835627113e+00
3.830000000000000000e+02 3.610748621187787055e-01 8.904726868044837929e+00
3.840000000000000000e+02 2.916471868548066726e-01 6.689332434453771015e+00
3.850000000000000000e+02 3.402464791178027026e-01 7.623726845626361381e+00
3.860000000000000000e+02 3.230555969945418937e-01 6.123675634489839759e+00
3.870000000000000000e+02 2.997114708821542739e-01 6.289249399196923385e+00
3.880000000000000000e+02 3.068703102295969876e-01 5.367152783151457385e+00
3.890000000000000000e+02 3.026929313601585680e-01 6.342423101842875610e+00
3.900000000000000000e+02 3.309163932392942264e-01 7.793515433527024250e+00
3.910000000000000000e+02 3.041995544646450278e-01 7.492914131889242491e+00
3.920000000000000000e+02 3.463628091645907792e-01 7.595262958590357272e+00
3.930000000000000000e+02 3.429856017413147051e-01 5.622994011499007350e+00
3.940000000000000000e+02 3.189543702695888938e-01 6.848663313302851385e+00
3.950000000000000000e+02 3.159839310292584802e-01 5.847381315843620975e+00
3.960000000000000000e+02 3.128449793124324363e-01 6.469077059964705612e+00
3.970000000000000000e+02 3.225349239669785262e-01 6.252775543283346948e+00
3.980000000000000000e+02 3.240313790554356643e-01 6.816798760373024457e+00
3.990000000000000000e+02 3.218820933489650593e-01 7.803265576626820632e+00
4.000000000000000000e+02 2.966479097384646657e-01 7.043255895716953319e+00
4.010000000000000000e+02 3.295579859927254551e-01 7.162662438163656553e+00
4.020000000000000000e+02 3.208084363660978489e-01 6.193516245618029714e+00
4.030000000000000000e+02 3.023224018746704100e-01 6.557881466841215534e+00
4.040000000000000000e+02 3.026069829189854676e-01 6.868745208310786943e+00
4.050000000000000000e+02 3.168078749399461658e-01 6.509642349803458572e+00
4.060000000000000000e+02 3.255593261368539548e-01 6.782930186262441374e+00
4.070000000000000000e+02 3.078977664798969172e-01 6.852611953581019044e+00
4.080000000000000000e+02 3.127043695535237644e-01 7.369067908224560703e+00
4.090000000000000000e+02 3.343341565900453949e-01 7.060786792449817106e+00
4.100000000000000000e+02 2.934960797827737555e-01 6.780896580208784385e+00
4.110000000000000000e+02 2.688199422531732941e-01 6.860851735741607449e+00
4.120000000000000000e+02 3.725384902624306882e-01 6.506847157641891144e+00
4.130000000000000000e+02 2.746402236321555113e-01 6.532371471509035743e+00
4.140000000000000000e+02 3.186889634267202620e-01 7.425981549285647354e+00
4.150000000000000000e+02 3.071298895236882487e-01 7.922442530159795382e+00
4.160000000000000000e+02 3.030538985729942514e-01 7.396530409706404185e+00
4.170000000000000000e+02 3.028454736340224773e-01 6.667892911503371600e+00
4.180000000000000000e+02 3.160110711283290463e-01 7.003089744581290965e+00
4.190000000000000000e+02 3.008269737388738485e-01 5.690763907990334047e+00
4.200000000000000000e+02 3.311791964566584978e-01 7.049173411299705982e+00
4.210000000000000000e+02 2.817894785696309357e-01 6.454676155888835254e+00
4.220000000000000000e+02 3.319474044711161476e-01 7.969901601578335715e+00
4.230000000000000000e+02 3.081830292172038632e-01 5.964276536473498425e+00
4.240000000000000000e+02 3.251914929041361813e-01 6.914846650109336856e+00
4.250000000000000000e+02 2.940009078045877633e-01 6.868388129832352362e+00
4.260000000000000000e+02 3.042180846954129492e-01 7.663511647817432326e+00
4.270000000000000000e+02 2.929712890207549769e-01 7.293021256607041813e+00
4.280000000000000000e+02 2.635887865751120884e-01 5.736533059713184279e+00
4.290000000000000000e+02 3.288662316104800643e-01 7.032526157147651169e+00
4.300000000000000000e+02 2.676780411296574291e-01 7.467460862145469669e+00
4.310000000000000000e+02 2.992831992877124092e-01 7.604095542703475985e+00
4.320000000000000000e+02 3.120466575180132485e-01 6.855612675139227008e+00
4.330000000000000000e+02 2.584668133789054800e-01 6.938054181235656870e+00
4.340000000000000000e+02 2.888189437463111742e-01 7.381130528009661518e+00
4.350000000000000000e+02 3.421805639256337295e-01 6.314086022456696590e+00
4.360000000000000000e+02 2.480643286921664081e-01 5.493801360184829896e+00
4.370000000000000000e+02 3.280574129970633135e-01 6.719239026910921453e+00
4.380000000000000000e+02 3.209906064079607324e-01 6.380916399188280685e+00
4.390000000000000000e+02 3.239678079945673139e-01 7.689358187854132609e+00
4.400000000000000000e+02 3.010912415446694301e-01 7.542329529868791127e+00
4.410000000000000000e+02 3.083110170434933406e-01 7.016529858269603181e+00
4.420000000000000000e+02 2.933579479290204794e-01 7.628904929785950806e+00
4.430000000000000000e+02 2.913756491179209096e-01 5.847791770307662951e+00
4.440000000000000000e+02 2.675911847397799970e-01 7.895033221550960434e+00
4.450000000000000000e+02 3.472298378131628560e-01 7.005747702840974256e+00
4.460000000000000000e+02 2.694712464803272756e-01 5.773999386957683555e+00
4.470000000000000000e+02 2.843713214390665156e-01 5.581024815769916714e+00
4.480000000000000000e+02 2.691804388200507159e-01 7.843565907306386364e+00
4.490000000000000000e+02 3.263447347495374018e-01 6.967354722471748474e+00
4.500000000000000000e+02 2.721075412144194905e-01 7.900473395039768754e+00
4.510000000000000000e+02 2.969064808523448895e-01 5.485772235622087045e+00
4.520000000000000000e+02 3.057719416641541677e-01 5.990294557133576170e+00
4.530000000000000000e+02 3.119877816475543630e-01 7.906857588674902182e+00
4.540000000000000000e+02 2.996836613505824976e-01 6.075123992423374197e+00
4.550000000000000000e+02 2.726683418204185472e-01 6.109546609373603943e+00
4.560000000000000000e+02 3.073472130743172825e-01 7.963311501522282398e+00
4.570000000000000000e+02 2.787469708178393346e-01 6.322573847170974481e+00
4.580000000000000000e+02 2.625520786649594984e-01 7.666374462365894260e+00
4.590000000000000000e+02 2.970967003211532620e-01 6.295514252695370239e+00
4.600000000000000000e+02 3.231887389552039469e-01 6.890487839489939148e+00
4.610000000000000000e+02 2.620885220845949881e-01 7.135816036449154076e+00
4.620000000000000000e+02 3.109624002910743035e-01 6.631451633459869655e+00
4.630000000000000000e+02 3.664507114702893475e-01 6.580140890525743913e+00
4.640000000000000000e+02 2.790076098421057638e-01 6.856359454132321396e+00
4.650000000000000000e+02 2.785443604016623054e-01 6.447644907230857036e+00
4.660000000000000000e+02 2.834818312195350742e-01 6.082398269505698174e+00
4.670000000000000000e+02 2.636543626784915717e-01 6.042187558210200038e+00
4.680000000000000000e+02 2.798169862121089868e-01 6.647799617277495798e+00
4.690000000000000000e+02 3.059149442635473726e-01 5.543317075979321551e+00
4.700000000000000000e+02 2.816691301119776947e-01 6.091940407178437766e+00
4.710000000000000000e+02 2.851213564944499179e-01 5.123752466921441595e+00
4.720000000000000000e+02 2.979523406236047056e-01 6.719051751947864304e+00
4.730000000000000000e+02 2.912823042748884927e-01 7.331201742905320451e+00
4.740000000000000000e+02 2.734436720591544301e-01 6.982636713415462992e+00
4.750000000000000000e+02 2.803158359361240803e-01 7.310216243579498396e+00
4.760000000000000000e+02 2.745385489750836183e-01 6.222842558707284866e+00
4.770000000000000000e+02 2.547366934771763125e-01 6.925896558199625019e+00
4.780000000000000000e+02 2.962837526478718231e-01 8.553163762457453245e+00
4.790000000000000000e+02 3.196051652367703499e-01 8.687509409251083170e+00
4.800000000000000000e+02 2.850484713978452267e-01 7.907407708616768005e+00
4.810000000000000000e+02 2.934834392509529932e-01 5.873839665214116046e+00
4.820000000000000000e+02 2.756646184677232769e-01 6.902223423477213515e+00
4.830000000000000000e+02 2.669377032782613846e-01 7.777414690955438026e+00
4.840000000000000000e+02 2.996365054113013238e-01 7.705963854424871862e+00
4.850000000000000000e+02 2.761432525759580092e-01 6.946711681973231300e+00
4.860000000000000000e+02 2.659846792348638522e-01 6.138264606999218387e+00
4.870000000000000000e+02 3.028234497697236405e-01 5.354453842159730748e+00
4.880000000000000000e+02 2.716700609826249169e-01 4.292618816110683078e+00
4.890000000000000000e+02 3.006807256781431348e-01 6.752647737085347046e+00
4.900000000000000000e+02 2.762953787897103886e-01 7.793763547375627709e+00
4.910000000000000000e+02 2.769295414751920537e-01 7.598010162984265570e+00
4.920000000000000000e+02 2.823326579836828998e-01 7.365326325308364730e+00
4.930000000000000000e+02 2.896280698644327356e-01 7.162427279020257664e+00
4.940000000000000000e+02 2.613306563418550388e-01 4.749256008218649683e+00
4.950000000000000000e+02 2.679328744094720549e-01 7.088141833886622223e+00
4.960000000000000000e+02 2.653162046536096663e-01 7.050369274438003764e+00
4.970000000000000000e+02 2.871951207938371331e-01 7.148721473512674507e+00
4.980000000000000000e+02 2.753553583789171144e-01 4.921097618713647037e+00
4.990000000000000000e+02 3.005626935561658830e-01 6.288665929171949109e+00
5.000000000000000000e+02 2.454432990651141400e-01 6.936250467728184432e+00
5.010000000000000000e+02 3.067769408993117897e-01 6.293020699667951412e+00
5.020000000000000000e+02 2.456593965899379062e-01 7.839006645383809868e+00
5.030000000000000000e+02 2.666112954703767080e-01 6.284381295257004396e+00
5.040000000000000000e+02 2.638582791745010536e-01 6.864999928805738172e+00
5.050000000000000000e+02 2.714582881435335104e-01 5.493416918299129037e+00
5.060000000000000000e+02 2.726881223102184948e-01 6.974946150364536024e+00
5.070000000000000000e+02 2.768512882126165087e-01 6.942722448887485243e+00
5.080000000000000000e+02 2.568130504006212456e-01 6.590955204993040439e+00
5.090000000000000000e+02 2.723154808859328257e-01 7.124254581481611837e+00
5.100000000000000000e+02 2.709807828252959183e-01 7.494413729812769986e+00
5.110000000000000000e+02 2.616772475842285561e-01 7.756622371489055645e+00
5.120000000000000000e+02 2.490542686169909536e-01 7.330891036316293352e+00
5.130000000000000000e+02 2.756007867438896031e-01 7.950074369485900405e+00
5.140000000000000000e+02 2.785892482869626319e-01 7.497677261198206544e+00
5.150000000000000000e+02 2.864811609673944548e-01 6.500067965021862904e+00
5.160000000000000000e+02 2.707228965045567759e-01 6.909575282007114794e+00
5.170000000000000000e+02 2.433089454917563565e-01 5.935029034459391895e+00
5.180000000000000000e+02 2.812917152651034924e-01 6.880806527854899102e+00
5.190000000000000000e+02 2.791944231415532385e-01 6.979152692863578089e+00
5.200000000000000000e+02 3.217993913191322664e-01 6.072400873128845689e+00
5.210000000000000000e+02 2.685993753143192664e-01 6.609904654946574531e+00
5.220000000000000000e+02 2.923437080236453434e-01 5.545418178185938629e+00
5.230000000000000000e+02 2.413003384740815549e-01 6.846900575917964638e+00
5.240000000000000000e+02 2.890050753797452354e-01 6.822039873430156831e+00
5.250000000000000000e+02 2.639221872174323247e-01 7.531776418996255273e+00
5.260000000000000000e+02 2.687744282364217252e-01 6.388776391665979659e+00
5.270000000000000000e+02 2.603366113431060391e-01 7.538529772662026396e+00
5.280000000000000000e+02 2.494861077172528252e-01 6.591342884087206144e+00
5.290000000000000000e+02 2.999734216069566139e-01 6.548455117560314065e+00
5.300000000000000000e+02 2.539363402403652659e-01 6.603644088369351017e+00
5.310000000000000000e+02 2.210418629671065949e-01 7.541427457133404566e+00
5.320000000000000000e+02 2.708473418163151458e-01 6.366541354616377824e+00
5.330000000000000000e+02 2.624981681356847729e-01 6.770811545607702264e+00
5.340000000000000000e+02 2.534578056218697584e-01 7.350563153323103727e+00
5.350000000000000000e+02 2.511999412625663397e-01 6.317516553370493781e+00
5.360000000000000000e+02 2.526947774346366971e-01 6.109460149612359281e+00
5.370000000000000000e+02 2.809870989057739465e-01 7.680494466159253797e+00
5.380000000000000000e+02 2.819130480980750475e-01 6.715584756621375107e+00
5.390000000000000000e+02 2.861356079251289319e-01 6.609137151780208441e+00
5.400000000000000000e+02 3.381747105302884138e-01 6.475264888954665565e+00
5.410000000000000000e+02 2.767760677991843443e-01 7.391678441902368668e+00
5.420000000000000000e+02 2.600680142348117951e-01 6.358151739484506848e+00
5.430000000000000000e+02 3.018332340360916910e-01 6.478899652117055652e+00
5.440000000000000000e+02 2.383843899739624683e-01 7.174099872693117774e+00
5.450000000000000000e+02 2.509464712518282292e-01 7.060147719941017641e+00
5.460000000000000000e+02 2.535203481534738512e-01 7.035831638460318338e+00
5.470000000000000000e+02 2.447461050483488443e-01 5.851672846912394199e+00
5.480000000000000000e+02 2.805374998933011788e-01 7.377787080897294736e+00
5.490000000000000000e+02 2.571336923118032747e-01 7.493622455244643099e+00
5.500000000000000000e+02 2.635266573686661506e-01 7.290443097486135393e+00
5.510000000000000000e+02 2.667418880407343429e-01 6.301714990258531657e+00
5.520000000000000000e+02 2.616054806068545679e-01 6.719787651337126633e+00
5.530000000000000000e+02 2.414405552738153049e-01 7.199575911516040705e+00
5.540000000000000000e+02 2.467991130560943658e-01 6.210470821947619235e+00
5.550000000000000000e+02 2.341359941085727203e-01 8.154648815212064861e+00
5.560000000000000000e+02 2.956971689581532892e-01 7.357013636130246503e+00
5.570000000000000000e+02 2.542773241190036670e-01 6.257953285227350726e+00
5.580000000000000000e+02 2.668588489523579521e-01 6.260115614247720117e+00
5.590000000000000000e+02 2.438077697434500868e-01 7.217874455682625090e+00
5.600000000000000000e+02 2.544322820006098551e-01 6.786066577847631009e+00
5.610000000000000000e+02 2.411920742429408959e-01 7.611673714093398324e+00
5.620000000000000000e+02 2.829675136498704946e-01 7.372761856387766599e+00
5.630000000000000000e+02 2.652347960577689512e-01 8.221744383020997304e+00
5.640000000000000000e+02 2.493165805410362812e-01 5.350636095988090091e+00
5.650000000000000000e+02 2.284867539271005499e-01 6.760571281010368416e+00
5.660000000000000000e+02 2.377415574890764105e-01 5.411582135692854401e+00
5.670000000000000000e+02 2.743401701910345714e-01 6.118537431446837260e+00
5.680000000000000000e+02 2.387949027812358016e-01 6.926831897980514796e+00
5.690000000000000000e+02 2.677463553703937627e-01 6.642576339272102004e+00
5.700000000000000000e+02 2.844415032324831283e-01 5.932320932389982815e+00
5.710000000000000000e+02 2.362119771778752597e-01 7.070720420139551265e+00
5.720000000000000000e+02 2.677022384592140369e-01 6.241566988492913914e+00
5.730000000000000000e+02 2.507076879056494567e-01 7.373443939859864571e+00
5.740000000000000000e+02 2.568154296213719379e-01 6.999577736162573061e+00
5.750000000000000000e+02 2.599292485241977979e-01 6.787621851227424230e+00
5.760000000000000000e+02 2.246196542933347751e-01 5.930945024431642842e+00
5.770000000000000000e+02 2.485604934844354019e-01 4.937828681294920585e+00
5.780000000000000000e+02 2.318818155574953188e-01 7.003605816588657440e+00
5.790000000000000000e+02 2.591397224165526425e-01 7.246726170273968037e+00
5.800000000000000000e+02 2.228775790059412676e-01 6.642879442468272444e+00
5.810000000000000000e+02 2.354733916287569673e-01 6.750262966676038978e+00
5.820000000000000000e+02 2.849734585975339241e-01 6.543497428625638435e+00
5.830000000000000000e+02 2.382298596804326707e-01 6.484073030812339766e+00
5.840000000000000000e+02 2.420640132013583135e-01 7.760899088313522931e+00
5.850000000000000000e+02 2.447023461565985825e-01 7.287178532743831205e+00
5.860000000000000000e+02 2.351810065357340940e-01 7.600579004279332196e+00
5.870000000000000000e+02 2.766656755724560268e-01 6.679457260205647451e+00
5.880000000000000000e+02 2.614988211924410000e-01 6.576780782211424814e+00
5.890000000000000000e+02 2.434494818475838873e-01 6.317856221630998803e+00
5.900000000000000000e+02 2.519944873617687708e-01 6.659250180555627452e+00
5.910000000000000000e+02 2.465440170939847131e-01 6.771654590348350489e+00
5.920000000000000000e+02 2.429350458360365894e-01 6.417244331608137564e+00
5.930000000000000000e+02 2.573833887441515089e-01 7.618324932343307765e+00
5.940000000000000000e+02 2.517454059707717184e-01 6.423082910746781948e+00
5.950000000000000000e+02 2.594892096627589573e-01 6.740477975461183213e+00
5.960000000000000000e+02 2.393204972262705232e-01 7.045807211883464483e+00
5.970000000000000000e+02 2.742582728614389453e-01 6.520416856965372432e+00
5.980000000000000000e+02 2.313482646474386006e-01 6.395371403522206677e+00
5.990000000000000000e+02 2.435701277727630454e-01 6.300634286858684874e+00
6.000000000000000000e+02 2.280515768730210224e-01 7.698812342151383881e+00
6.010000000000000000e+02 2.762655436382585594e-01 6.915017061728391035e+00
6.020000000000000000e+02 2.400939969432755172e-01 6.720949453120705464e+00
6.030000000000000000e+02 2.637212573406809146e-01 6.679289953689776738e+00
6.040000000000000000e+02 2.355260499477096481e-01 7.241071691823403711e+00
6.050000000000000000e+02 2.435551701248730994e-01 7.030801180904123093e+00
6.060000000000000000e+02 2.372780295726882871e-01 6.584394614321156247e+00
6.070000000000000000e+02 2.510087995350143153e-01 7.344537632656181536e+00
6.080000000000000000e+02 2.339960755180094942e-01 7.237259033592311042e+00
6.090000000000000000e+02 2.376059944124950529e-01 5.932323821157662991e+00
6.100000000000000000e+02 2.739062454436242966e-01 6.848414017636208051e+00
6.110000000000000000e+02 2.384696656651568436e-01 7.513074091472642380e+00
6.120000000000000000e+02 2.508035027486612001e-01 7.931342530900590937e+00
6.130000000000000000e+02 2.333596465827532385e-01 7.446426018351719911e+00
6.140000000000000000e+02 2.214866449669106174e-01 6.351786948969832203e+00
6.150000000000000000e+02 2.697110484208855574e-01 7.265929196105259003e+00
6.160000000000000000e+02 2.490982925207522181e-01 6.921813696439368613e+00
6.170000000000000000e+02 2.415326374784572960e-01 7.294500542190269776e+00
6.180000000000000000e+02 2.123500872310661314e-01 6.937362675931019851e+00
6.190000000000000000e+02 2.492723643165273839e-01 7.145777428894580119e+00
6.200000000000000000e+02 2.374641060797545999e-01 5.730741104958029908e+00
6.210000000000000000e+02 2.592732925544080080e-01 6.620992583356201777e+00
6.220000000000000000e+02 2.441602421464510730e-01 6.054699262402617244e+00
6.230000000000000000e+02 2.386166840100411302e-01 6.084015969970085536e+00
6.240000000000000000e+02 2.200092719303822220e-01 4.805004104775300711e+00
6.250000000000000000e+02 2.671343360782661991e-01 6.944863597866517857e+00
6.260000000000000000e+02 2.388053334227120961e-01 7.103443744629228007e+00
6.270000000000000000e+02 2.676914076187565383e-01 6.595960144002708248e+00
6.280000000000000000e+02 2.265710940481102109e-01 7.328017193702825338e+00
6.290000000000000000e+02 2.536812413865900395e-01 7.375285290371668800e+00
6.300000000000000000e+02 2.189818202066667330e-01 5.657872637427471929e+00
6.310000000000000000e+02 2.360763370137104189e-01 7.068695305729499445e+00
6.320000000000000000e+02 2.306739082957841025e-01 7.397543559078595621e+00
6.330000000000000000e+02 2.721366333965111184e-01 7.062852060994036840e+00
6.340000000000000000e+02 2.595290663776938511e-01 8.040549980304486866e+00
6.350000000000000000e+02 2.683447092900428932e-01 8.212015422898211625e+00
6.360000000000000000e+02 2.340961833743704923e-01 7.183925991008023537e+00
6.370000000000000000e+02 2.158264887274930488e-01 7.737230941718779675e+00
6.380000000000000000e+02 2.325416844227520541e-01 7.053906438218572106e+00
6.390000000000000000e+02 2.412873656046888304e-01 6.755270190477999925e+00
6.400000000000000000e+02 2.589731431413286322e-01 6.860429606945134928e+00
6.410000000000000000e+02 2.432000110137093885e-01 6.666348209901136634e+00
6.420000000000000000e+02 2.203946288335190962e-01 5.870847293129068056e+00
6.430000000000000000e+02 2.265680079844058781e-01 7.497344202395583856e+00
6.440000000000000000e+02 2.247380224085345768e-01 7.139378244874764690e+00
6.450000000000000000e+02 2.460265240071258519e-01 7.199083093393237043e+00
6.460000000000000000e+02 2.376124762164758819e-01 7.184648459274305843e+00
6.470000000000000000e+02 2.243749087192435376e-01 7.270714689370509909e+00
6.480000000000000000e+02 2.737300974345698856e-01 8.277038391368265025e+00
6.490000000000000000e+02 2.155574463184033451e-01 7.011586119652633009e+00
6.500000000000000000e+02 2.273116985553918501e-01 6.737636251625725770e+00
6.510000000000000000e+02 2.371690040166230529e-01 6.388448770568364132e+00
6.520000000000000000e+02 2.128720860467732123e-01 5.690801903146762264e+00
6.530000000000000000e+02 2.333225243886835332e-01 6.242232834758103976e+00
6.540000000000000000e+02 2.236741101120858777e-01 7.304370980778595701e+00
6.550000000000000000e+02 2.499744432968894203e-01 7.604471153822926155e+00
6.560000000000000000e+02 2.454884925525730732e-01 7.083716745636603918e+00
6.570000000000000000e+02 2.180452653522862438e-01 6.717992475605262470e+00
6.580000000000000000e+02 2.094959261745250600e-01 6.675475255585388012e+00
6.590000000000000000e+02 2.518048249012939666e-01 6.840612958372950025e+00
6.600000000000000000e+02 2.212505905921047233e-01 6.873495981791822196e+00
6.610000000000000000e+02 2.056703796014957841e-01 7.178710274876684672e+00
6.620000000000000000e+02 2.437198357962124251e-01 7.386737395716846066e+00
6.630000000000000000e+02 2.262997166013594741e-01 6.419112645856309030e+00
6.640000000000000000e+02 2.236137270740183036e-01 6.740027399155374077e+00
6.650000000000000000e+02 2.257948682370531923e-01 6.310849961840277800e+00
6.660000000000000000e+02 2.465709325860858114e-01 6.836958135338131903e+00
6.670000000000000000e+02 2.520037673803345868e-01 7.140163110449529782e+00
6.680000000000000000e+02 2.607847828781938437e-01 7.128530375666018770e+00
6.690000000000000000e+02 2.156520960093704364e-01 7.656386493692926898e+00
6.700000000000000000e+02 2.255133240074100598e-01 6.960068958520679416e+00
6.710000000000000000e+02 2.509276732941315702e-01 6.675535061952830418e+00
6.720000000000000000e+02 2.222787111725795517e-01 6.043034369838583331e+00
6.730000000000000000e+02 2.305937796154629016e-01 6.964375236732664121e+00
6.740000000000000000e+02 2.506283051888131830e-01 7.320684630931629577e+00
6.750000000000000000e+02 2.221429633366998890e-01 5.831268721121701581e+00
6.760000000000000000e+02 2.621218232633519829e-01 6.579307403497351991e+00
6.770000000000000000e+02 2.278132940442831600e-01 6.337985270256102588e+00
6.780000000000000000e+02 2.611860076648820916e-01 5.138956829446811092e+00
6.790000000000000000e+02 2.031270718436807565e-01 7.129104612580285050e+00
6.800000000000000000e+02 2.241304940294533143e-01 6.360719814149559781e+00
6.810000000000000000e+02 2.300549466031545642e-01 7.114934209154275102e+00
6.820000000000000000e+02 2.404124219708951016e-01 6.055207671045523377e+00
6.830000000000000000e+02 2.235580040198567042e-01 7.084029168336141602e+00
6.840000000000000000e+02 2.271355592514708033e-01 7.191848494866068364e+00
6.850000000000000000e+02 2.606439018266424323e-01 5.842773397239342970e+00
6.860000000000000000e+02 2.157002633364276944e-01 7.027853453274662598e+00
6.870000000000000000e+02 2.303137683275260916e-01 6.335486358367463211e+00
6.880000000000000000e+02 2.467418224126837478e-01 7.435876534293383244e+00
6.890000000000000000e+02 2.333762641136927496e-01 6.570436884461522631e+00
6.900000000000000000e+02 2.167143967614199862e-01 7.429165996158972440e+00
6.910000000000000000e+02 2.417197940873384576e-01 7.339536203033795836e+00
6.920000000000000000e+02 2.491881672282377502e-01 6.691416283291268918e+00
6.930000000000000000e+02 2.259046520553091297e-01 6.717586160859415401e+00
6.940000000000000000e+02 2.212492457498506648e-01 6.602694537415248810e+00
6.950000000000000000e+02 2.284395227810487872e-01 7.758253143666182794e+00
6.960000000000000000e+02 2.263721062845192311e-01 5.698742511719071757e+00
6.970000000000000000e+02 2.278598625250659038e-01 6.334355249883002692e+00
6.980000000000000000e+02 2.504369486257717603e-01 6.834569000002576722e+00
6.990000000000000000e+02 2.484486455358277945e-01 6.965802864537704586e+00
7.000000000000000000e+02 2.304075061547089243e-01 7.120382077461182568e+00
7.010000000000000000e+02 2.228711597896269880e-01 7.481675356023648860e+00
7.020000000000000000e+02 2.085595205625542514e-01 6.876276290511078138e+00
7.030000000000000000e+02 2.230208040337766373e-01 5.864875542666688091e+00
7.040000000000000000e+02 2.054990234865947119e-01 6.673458618559958921e+00
7.050000000000000000e+02 2.810100755096689995e-01 6.084311044100825683e+00
7.060000000000000000e+02 2.107295765618128758e-01 7.149105243129277198e+00
7.070000000000000000e+02 2.300261230194766693e-01 6.639352722973181464e+00
7.080000000000000000e+02 2.099184779949368473e-01 6.052260031486249581e+00
7.090000000000000000e+02 2.430540624439692099e-01 6.255802672896976446e+00
7.100000000000000000e+02 2.133091972353532151e-01 5.455531470903515867e+00
7.110000000000000000e+02 2.190137108596674487e-01 5.527620841456592160e+00
7.120000000000000000e+02 2.255638045123293245e-01 6.795575656907644202e+00
7.130000000000000000e+02 2.575565726981382531e-01 5.808276568155280373e+00
7.140000000000000000e+02 1.988672240433008720e-01 7.100952660083351020e+00
7.150000000000000000e+02 2.407168286867261697e-01 7.155990689494888812e+00
7.160000000000000000e+02 2.326778790229092619e-01 6.144160551676754345e+00
7.170000000000000000e+02 2.040762606496312193e-01 7.611674720609827638e+00
7.180000000000000000e+02 2.190081809690040127e-01 5.482268906310659773e+00
7.190000000000000000e+02 2.320773328472044150e-01 7.260595992666226017e+00
7.200000000000000000e+02 2.325629613085455072e-01 6.489422142243531866e+00
7.210000000000000000e+02 2.085141196653675644e-01 6.788875466600885922e+00
7.220000000000000000e+02 2.239177931808342958e-01 7.074672322369711885e+00
7.230000000000000000e+02 2.051007644580258027e-01 6.787784115095985449e+00
7.240000000000000000e+02 2.198232633551371329e-01 6.283450855114214306e+00
7.250000000000000000e+02 2.419744011822576035e-01 6.618750076495248713e+00
7.260000000000000000e+02 2.270890669600792722e-01 6.743003492934093401e+00
7.270000000000000000e+02 1.977241972903001077e-01 6.704804466603194513e+00
7.280000000000000000e+02 2.196078572929348049e-01 7.337546055004485979e+00
7.290000000000000000e+02 2.082304896168443997e-01 7.438724487626772408e+00
7.300000000000000000e+02 2.370010936229499376e-01 7.338232926978494497e+00
7.310000000000000000e+02 2.215498327257592603e-01 5.601911688647777332e+00
7.320000000000000000e+02 2.260952026452257568e-01 6.790142484579362758e+00
7.330000000000000000e+02 1.884686275622020346e-01 6.789516077402294236e+00
7.340000000000000000e+02 3.004270143617234767e-01 7.266879331677653653e+00
7.350000000000000000e+02 2.372149722938685090e-01 6.200227620838604459e+00
7.360000000000000000e+02 1.941680898496531416e-01 7.305590526409702967e+00
7.370000000000000000e+02 2.186905125924268334e-01 6.928712143642187016e+00
7.380000000000000000e+02 2.328081980117203131e-01 6.589909351385782266e+00
7.390000000000000000e+02 2.067297130123313398e-01 6.649177776896964431e+00
7.400000000000000000e+02 2.257820448220186904e-01 7.069619745776227759e+00
7.410000000000000000e+02 1.765672582868723639e-01 5.864770515193620248e+00
7.420000000000000000e+02 2.406870325662426036e-01 7.594657612769563748e+00
7.430000000000000000e+02 2.219699023849431574e-01 6.924872529223600637e+00
7.440000000000000000e+02 2.208871361573408465e-01 7.047488840819453593e+00
7.450000000000000000e+02 2.204173059265507884e-01 7.665798699740474120e+00
7.460000000000000000e+02 2.116955423625703214e-01 6.316113845654087733e+00
7.470000000000000000e+02 2.095456209394629399e-01 7.199744820070560714e+00
7.480000000000000000e+02 2.466315209251089269e-01 8.120646990907747664e+00
7.490000000000000000e+02 1.896179049479955470e-01 7.093363364327865739e+00
7.500000000000000000e+02 2.839880669393490265e-01 6.750830548000419817e+00
7.510000000000000000e+02 2.329523048216773640e-01 6.711618152541241500e+00
7.520000000000000000e+02 2.217405346832209967e-01 6.804673022938697358e+00
7.530000000000000000e+02 2.133577474844209898e-01 7.580300475383077163e+00
7.540000000000000000e+02 2.360988504795057952e-01 7.987000959424880087e+00
7.550000000000000000e+02 1.863020281367423758e-01 6.746249096584404192e+00
7.560000000000000000e+02 2.431417355296531524e-01 5.653123985599192380e+00
7.570000000000000000e+02 2.146601488957967652e-01 6.461117192119909980e+00
7.580000000000000000e+02 2.262374631628653876e-01 6.337860042837070829e+00
7.590000000000000000e+02 2.366732584669157258e-01 6.893156405594019986e+00
7.600000000000000000e+02 1.998126724178029001e-01 6.530082930780442219e+00
7.610000000000000000e+02 2.079850062293034096e-01 7.859094560198754742e+00
7.620000000000000000e+02 2.549788547734199162e-01 6.695877596067564497e+00
7.630000000000000000e+02 1.965574010173753439e-01 6.565859903655979046e+00
7.640000000000000000e+02 2.350295646135339978e-01 6.502528552119943406e+00
7.650000000000000000e+02 2.290003950785759468e-01 5.131465986095821386e+00
7.660000000000000000e+02 2.115221761047879068e-01 6.760266401601026764e+00
7.670000000000000000e+02 2.312675212922784551e-01 6.777335913430837522e+00
7.680000000000000000e+02 2.236930407372125229e-01 7.329618888459084047e+00
7.690000000000000000e+02 2.035154585763177815e-01 7.464255052799704693e+00
7.700000000000000000e+02 2.351084575733531634e-01 5.655650096838162000e+00
7.710000000000000000e+02 1.943071487638139139e-01 6.514490601045579865e+00
7.720000000000000000e+02 2.171379747132709814e-01 5.949199770035823676e+00
7.730000000000000000e+02 2.214041913738364897e-01 7.237250541948705873e+00
7.740000000000000000e+02 1.928878319353200810e-01 7.556683635963299395e+00
7.750000000000000000e+02 2.233086742998398322e-01 6.850244627778951489e+00
7.760000000000000000e+02 2.010464015993262132e-01 6.487481478755685593e+00
7.770000000000000000e+02 2.188586306433941975e-01 6.979210932420446767e+00
7.780000000000000000e+02 2.119037887129070485e-01 6.604215304895567407e+00
7.790000000000000000e+02 2.155258897521329653e-01 7.105501303257602430e+00
7.800000000000000000e+02 2.162206094529303124e-01 7.752418401478252896e+00
7.810000000000000000e+02 2.262824595312768750e-01 7.298036743908884461e+00
7.820000000000000000e+02 1.947070471721957519e-01 6.809182397713237300e+00
7.830000000000000000e+02 2.164482990739603485e-01 7.472202135788943878e+00
7.840000000000000000e+02 2.018391864338793806e-01 6.795592693036967447e+00
7.850000000000000000e+02 2.376871408989036094e-01 6.474182040836062413e+00
7.860000000000000000e+02 2.211244915008399869e-01 6.247812256859181623e+00
7.870000000000000000e+02 1.919508971796375918e-01 7.248454379951524196e+00
7.880000000000000000e+02 2.085439476265712189e-01 7.602038159533980988e+00
7.890000000000000000e+02 2.076427022983513837e-01 6.863866447039414176e+00
7.900000000000000000e+02 2.204086901521122299e-01 7.197067344618556461e+00
7.910000000000000000e+02 2.142451944673017805e-01 6.937549300013452047e+00
7.920000000000000000e+02 2.318780566184782677e-01 7.081570607691138441e+00
7.930000000000000000e+02 1.970489193589087251e-01 7.340665183155391738e+00
7.940000000000000000e+02 2.074190112541308417e-01 7.854288640521342124e+00
7.950000000000000000e+02 2.114120062964620628e-01 7.316354998183439484e+00
7.960000000000000000e+02 2.196397575485981857e-01 7.450941444806288949e+00
7.970000000000000000e+02 2.149425364032234165e-01 6.637754709550762300e+00
7.980000000000000000e+02 2.060186959747167257e-01 6.798317577929064548e+00
7.990000000000000000e+02 1.960796499664864689e-01 6.838344100911887935e+00
8.000000000000000000e+02 2.133791155509128235e-01 7.023763085418137209e+00
8.010000000000000000e+02 2.190110692809504600e-01 6.644069620466273918e+00
8.020000000000000000e+02 2.301938033365097114e-01 6.909944123307549368e+00
8.030000000000000000e+02 2.100829159321395134e-01 7.603486839468896363e+00
8.040000000000000000e+02 2.105636372010117885e-01 6.922473244847387797e+00
8.050000000000000000e+02 2.443767401817058260e-01 6.768786079755663820e+00
8.060000000000000000e+02 2.021640532256401557e-01 6.166721419482873223e+00
8.070000000000000000e+02 2.032656368050901052e-01 6.811320559016003529e+00
8.080000000000000000e+02 2.113895706226828763e-01 7.284400299125946887e+00
8.090000000000000000e+02 1.942469885411970965e-01 6.485945216793707502e+00
8.100000000000000000e+02 2.133681366136308821e-01 6.280884455591309035e+00
8.110000000000000000e+02 2.182443193784079638e-01 6.148885975202763809e+00
8.120000000000000000e+02 2.325982937799963846e-01 6.475176687081235727e+00
8.130000000000000000e+02 2.144927983892332690e-01 6.710054103176952722e+00
8.140000000000000000e+02 2.164634010554337684e-01 6.828304465234332099e+00
8.150000000000000000e+02 2.144358835223477699e-01 7.941927203612046959e+00
8.160000000000000000e+02 2.075233155304623545e-01 6.473578660238596072e+00
8.170000000000000000e+02 1.945527255305905256e-01 6.865291727983647618e+00
8.180000000000000000e+02 2.083007042325034641e-01 7.441212818511452554e+00
8.190000000000000000e+02 2.030529262148444702e-01 6.548772305276378880e+00
8.200000000000000000e+02 1.971285037121182082e-01 7.245591125052124326e+00
8.210000000000000000e+02 2.243327144136252893e-01 6.634106469133389083e+00
8.220000000000000000e+02 1.917620210226663735e-01 6.240568130815248971e+00
8.230000000000000000e+02 2.053366374775891234e-01 6.025045928351167923e+00
8.240000000000000000e+02 2.211933412502721519e-01 6.047552151960978506e+00
8.250000000000000000e+02 1.997493768762356181e-01 6.875215391160734768e+00
8.260000000000000000e+02 1.960177448453362392e-01 7.334780687182853143e+00
8.270000000000000000e+02 1.953104703877287240e-01 6.011681707679124465e+00
8.280000000000000000e+02 2.317467827695546823e-01 7.066293581389709644e+00
8.290000000000000000e+02 2.051517208681011839e-01 7.188810538071336076e+00
8.300000000000000000e+02 2.319043886108247687e-01 7.129659204810150364e+00
8.310000000000000000e+02 1.932896307679772829e-01 5.988823764871481714e+00
8.320000000000000000e+02 2.478995152823491033e-01 7.574841095883278363e+00
8.330000000000000000e+02 1.808655808122060504e-01 7.563765886486257806e+00
8.340000000000000000e+02 2.178975893845188916e-01 6.192754482950363126e+00
8.350000000000000000e+02 2.513606142855193126e-01 7.631725909317808032e+00
8.360000000000000000e+02 1.819542617131255646e-01 7.019686630973715147e+00
8.370000000000000000e+02 2.253360899990981270e-01 7.283103733180171346e+00
8.380000000000000000e+02 2.088048500970300370e-01 7.023069217316184165e+00
8.390000000000000000e+02 1.906031570253298446e-01 7.167752097338674133e+00
8.400000000000000000e+02 2.168963243552896325e-01 7.165404062262730633e+00
8.410000000000000000e+02 2.478929319324211233e-01 6.985067320582944106e+00
8.420000000000000000e+02 1.739269615844477868e-01 6.767361682868360262e+00
8.430000000000000000e+02 2.253182721148701551e-01 7.116590358126866356e+00
8.440000000000000000e+02 1.932774249278537415e-01 7.168189138514804881e+00
8.450000000000000000e+02 1.968288728765717477e-01 6.959946016732704521e+00
8.460000000000000000e+02 2.605061792221265993e-01 6.790897491005500441e+00
8.470000000000000000e+02 2.059380117434748692e-01 5.293925700946764401e+00
8.480000000000000000e+02 1.913591576068057187e-01 7.321830155667025331e+00
8.490000000000000000e+02 2.178385813974590135e-01 7.664618786532519934e+00
8.500000000000000000e+02 2.304003618642488371e-01 7.591159566411242565e+00
8.510000000000000000e+02 1.725244267207555748e-01 6.588287538043636538e+00
8.520000000000000000e+02 2.012255373008832449e-01 7.230043037166276498e+00
8.530000000000000000e+02 1.994085818836369428e-01 6.478631446523003490e+00
8.540000000000000000e+02 2.040249697909357063e-01 6.919967595170020580e+00
8.550000000000000000e+02 2.179272830003081973e-01 6.644378412157795566e+00
8.560000000000000000e+02 1.922690830845097121e-01 6.108464121084624665e+00
8.570000000000000000e+02 2.479060218890303258e-01 6.815265885338829044e+00
8.580000000000000000e+02 1.925396259773175522e-01 6.304168695719910787e+00
8.590000000000000000e+02 2.178249393695408653e-01 7.568956584812992716e+00
8.600000000000000000e+02 1.902653602625756502e-01 7.145338897235370190e+00
8.610000000000000000e+02 2.136386605607406841e-01 6.938009668046587031e+00
8.620000000000000000e+02 1.894617422493462822e-01 6.836993822216882677e+00
8.630000000000000000e+02 1.786239327723319892e-01 7.494331442900886486e+00
8.640000000000000000e+02 2.145691001408004395e-01 7.481062067949467931e+00
8.650000000000000000e+02 2.088328793491284752e-01 6.900656443472588109e+00
8.660000000000000000e+02 1.839376611083926027e-01 6.941253692304868217e+00
8.670000000000000000e+02 2.204423735359894998e-01 6.867574945079095272e+00
8.680000000000000000e+02 1.881082953303073735e-01 7.209985141703824318e+00
8.690000000000000000e+02 1.965231881781704937e-01 7.082600698412355733e+00
8.700000000000000000e+02 1.855121736136293997e-01 5.795284489318794030e+00
8.710000000000000000e+02 1.944956365865543879e-01 7.012253195126012528e+00
8.720000000000000000e+02 1.991402125655759026e-01 7.364658084792218062e+00
8.730000000000000000e+02 2.095165331449690416e-01 6.128591996279324938e+00
8.740000000000000000e+02 2.166284707275585031e-01 6.835047247961307804e+00
8.750000000000000000e+02 1.908934393789684103e-01 6.796958446083303684e+00
8.760000000000000000e+02 1.931490641122024787e-01 7.180083673254062049e+00
8.770000000000000000e+02 1.965399613554872915e-01 7.281896093799654857e+00
8.780000000000000000e+02 1.885892631145542342e-01 6.436635080302296252e+00
8.790000000000000000e+02 2.097949845809225222e-01 6.576869275974619455e+00
8.800000000000000000e+02 2.074270587274068545e-01 6.966722385235386561e+00
8.810000000000000000e+02 2.002353158565392810e-01 7.101896345562964008e+00
8.820000000000000000e+02 2.063759235803371561e-01 7.434866108386896322e+00
8.830000000000000000e+02 1.987497905922361308e-01 7.058064688059355163e+00
8.840000000000000000e+02 2.024759038165362679e-01 7.024531671428428936e+00
8.850000000000000000e+02 2.013347906063914505e-01 6.857496930091341092e+00
8.860000000000000000e+02 2.080772224259511693e-01 7.034771473866968883e+00
8.870000000000000000e+02 1.754583874545964373e-01 6.785543879607107698e+00
8.880000000000000000e+02 2.006685991216198839e-01 7.345473159481374026e+00
8.890000000000000000e+02 2.045794381567907216e-01 6.637778723355229005e+00
8.900000000000000000e+02 1.988798837476067616e-01 6.070583882411530574e+00
8.910000000000000000e+02 2.225515263932022758e-01 7.814637608557493564e+00
8.920000000000000000e+02 1.848066155687367040e-01 7.821735824947307236e+00
8.930000000000000000e+02 1.955404209133870252e-01 6.975985744278370149e+00
8.940000000000000000e+02 2.054474887915671288e-01 6.937859436243170030e+00
8.950000000000000000e+02 2.316961775889848918e-01 7.151649349283102808e+00
8.960000000000000000e+02 1.882731747605513595e-01 6.501279343610912420e+00
8.970000000000000000e+02 2.664206285399611795e-01 7.288233124591219969e+00
8.980000000000000000e+02 2.044004611510905622e-01 5.894855140276718863e+00
8.990000000000000000e+02 1.859888039363218337e-01 6.203922141851200500e+00
9.000000000000000000e+02 2.044009328226739641e-01 7.361361116092249191e+00
9.010000000000000000e+02 1.828392487440604064e-01 6.933020439919611810e+00
9.020000000000000000e+02 2.156754206668209661e-01 7.370489367918687584e+00
9.030000000000000000e+02 2.086369343409218702e-01 6.797647425870467330e+00
9.040000000000000000e+02 2.001284814963323333e-01 6.017301095611920836e+00
9.050000000000000000e+02 1.988746660051434745e-01 7.502985389796704041e+00
9.060000000000000000e+02 1.882770042334457883e-01 6.559177789545520554e+00
9.070000000000000000e+02 1.815017617444640297e-01 7.050842781704354856e+00
9.080000000000000000e+02 1.841809708683970204e-01 7.874664247088403179e+00
9.090000000000000000e+02 1.947693631699271843e-01 6.844895962570042514e+00
9.100000000000000000e+02 2.236514088187712412e-01 7.337563396443791852e+00
9.110000000000000000e+02 1.930077820418332202e-01 7.330380422983027167e+00
9.120000000000000000e+02 1.989526993405930089e-01 6.125902603253420509e+00
9.130000000000000000e+02 1.850789492628958088e-01 7.064432132422347799e+00
9.140000000000000000e+02 1.850820091949042789e-01 7.230034955678116049e+00
9.150000000000000000e+02 2.119803426886165409e-01 7.053887571906876097e+00
9.160000000000000000e+02 2.049580517209489416e-01 7.488938753502140777e+00
9.170000000000000000e+02 2.087478419554602282e-01 7.039805569141290853e+00
9.180000000000000000e+02 1.981003845799872987e-01 6.826110273678258622e+00
9.190000000000000000e+02 2.013174649205679567e-01 7.435587539941256097e+00
9.200000000000000000e+02 1.739248149546960276e-01 7.184085741101804423e+00
9.210000000000000000e+02 1.850740279578571013e-01 6.564653507323252590e+00
9.220000000000000000e+02 2.053875857620622025e-01 7.261795003684655470e+00
9.230000000000000000e+02 2.042530365973819761e-01 7.144267515855183603e+00
9.240000000000000000e+02 1.898933624437235124e-01 6.867807062865352030e+00
9.250000000000000000e+02 1.619649304787522670e-01 6.395963170597609881e+00
9.260000000000000000e+02 2.192135492152158527e-01 5.256330643606060171e+00
9.270000000000000000e+02 1.888679322431382479e-01 7.104436420618491788e+00
9.280000000000000000e+02 2.016812298201864917e-01 6.484606513876399525e+00
9.290000000000000000e+02 2.125512808408810128e-01 6.574907594746210115e+00
9.300000000000000000e+02 1.946696301480543845e-01 7.405136608301597256e+00
9.310000000000000000e+02 2.063650234962790819e-01 7.158622934614867539e+00
9.320000000000000000e+02 1.815529032466337844e-01 7.790093192953547963e+00
9.330000000000000000e+02 2.185978095912225194e-01 6.600733074265399125e+00
9.340000000000000000e+02 1.812742852519468040e-01 7.190915985073871752e+00
9.350000000000000000e+02 2.406009431902725315e-01 7.225024870014442158e+00
9.360000000000000000e+02 1.833362181236447286e-01 6.800853148823573058e+00
9.370000000000000000e+02 2.008036345469026429e-01 6.918419574579861120e+00
9.380000000000000000e+02 1.630181581473227614e-01 7.232492457803341601e+00
9.390000000000000000e+02 1.980561091620089975e-01 7.033956039549493333e+00
9.400000000000000000e+02 2.043978032490286201e-01 6.773946097784118159e+00
9.410000000000000000e+02 1.842265929275874736e-01 6.964941295700946000e+00
9.420000000000000000e+02 2.001712518148834052e-01 7.026308702185369626e+00
9.430000000000000000e+02 2.081710073290412022e-01 6.774159411327191016e+00
9.440000000000000000e+02 2.230660198105890446e-01 6.981624960584817075e+00
9.450000000000000000e+02 1.784895867918684931e-01 6.828976364437696844e+00
9.460000000000000000e+02 2.051613126910224461e-01 7.008687033607126970e+00
9.470000000000000000e+02 1.713325835429177213e-01 6.658902418225505215e+00
9.480000000000000000e+02 1.965284345357496409e-01 7.064119191366848405e+00
9.490000000000000000e+02 1.897993903875965505e-01 6.417568290663478336e+00
9.500000000000000000e+02 2.148300132108304783e-01 7.211993644398980052e+00
9.510000000000000000e+02 1.880647531707980991e-01 7.806909379984269037e+00
9.520000000000000000e+02 2.185600755376085058e-01 7.929941250340605485e+00
9.530000000000000000e+02 1.800231489631318460e-01 6.899851252137303881e+00
9.540000000000000000e+02 1.856426423266882564e-01 6.773292294907380828e+00
9.550000000000000000e+02 2.396753351252103592e-01 6.834280852801776440e+00
9.560000000000000000e+02 1.653196035961994326e-01 7.458789417800299582e+00
9.570000000000000000e+02 1.940888411451860696e-01 6.917556702304326954e+00
9.580000000000000000e+02 2.064741124689313256e-01 7.318758176939468285e+00
9.590000000000000000e+02 1.901903718377734864e-01 7.224104761343413728e+00
9.600000000000000000e+02 1.976955397675937975e-01 6.826473517908584476e+00
9.610000000000000000e+02 1.742123227450206868e-01 7.208621508213335360e+00
9.620000000000000000e+02 1.842449762866378293e-01 7.410609271301967560e+00
9.630000000000000000e+02 1.856624677541722779e-01 7.167858922282330347e+00
9.640000000000000000e+02 2.006608186346294787e-01 7.026570549111881725e+00
9.650000000000000000e+02 1.669984912791979970e-01 7.298267564966475440e+00
9.660000000000000000e+02 2.139904371370272007e-01 5.964594733641665592e+00
9.670000000000000000e+02 1.879739897775259960e-01 6.140340713209086587e+00
9.680000000000000000e+02 1.984227089974674452e-01 6.966243936812133164e+00
9.690000000000000000e+02 1.813609799773422682e-01 7.068488597450491184e+00
9.700000000000000000e+02 1.835253410892999648e-01 6.692826437971103104e+00
9.710000000000000000e+02 1.985404392579788735e-01 4.797202346821888064e+00
9.720000000000000000e+02 1.838669862143656186e-01 7.177675336940097850e+00
9.730000000000000000e+02 1.847393098661399002e-01 7.415252376881836582e+00
9.740000000000000000e+02 1.833863443699161322e-01 7.070741776740645079e+00
9.750000000000000000e+02 1.980647000130439650e-01 6.787522252232963460e+00
9.760000000000000000e+02 1.864999056671812760e-01 6.844416947981298627e+00
9.770000000000000000e+02 2.093103387073304567e-01 6.029493052181488899e+00
9.780000000000000000e+02 1.885624381063870647e-01 7.481864486331989639e+00
9.790000000000000000e+02 2.493694333262201079e-01 7.226832850312809420e+00
9.800000000000000000e+02 1.878940154895349379e-01 7.469689719804883055e+00
9.810000000000000000e+02 2.058681924193553892e-01 6.292307604585913872e+00
9.820000000000000000e+02 1.962943219385337446e-01 6.909365810001745878e+00
9.830000000000000000e+02 1.898825299699972435e-01 6.966549068977671233e+00
9.840000000000000000e+02 1.811752294003359520e-01 6.741581756605216746e+00
9.850000000000000000e+02 2.054406583961514710e-01 6.507975946525365707e+00
9.860000000000000000e+02 1.995198130607604980e-01 7.331430872176547098e+00
9.870000000000000000e+02 1.906368633381113342e-01 6.728721391347383118e+00
9.880000000000000000e+02 1.880827889734306146e-01 6.944057882303927620e+00
9.890000000000000000e+02 1.874106538014272683e-01 6.770264669165028337e+00
9.900000000000000000e+02 2.302795913558186025e-01 6.909161504780711560e+00
9.910000000000000000e+02 1.894201004718376324e-01 7.106929622203923991e+00
9.920000000000000000e+02 2.009783877542277997e-01 6.759627161051163569e+00
9.930000000000000000e+02 1.777879519335983094e-01 7.534308055250289904e+00
9.940000000000000000e+02 2.113405610567217763e-01 6.886330383958371826e+00
9.950000000000000000e+02 1.886348527243468798e-01 5.773838087247984419e+00
9.960000000000000000e+02 1.834587636067695204e-01 7.527669491428183868e+00
9.970000000000000000e+02 1.881244723486417691e-01 5.567500530467708764e+00
9.980000000000000000e+02 1.892105277390628837e-01 7.337631156807314703e+00
9.990000000000000000e+02 1.911860394309322919e-01 7.002005828716509228e+00
1.000000000000000000e+03 1.988133740883560596e-01 6.556649954568532834e+00
