1.000000000000000000e+00 4.603447414456145914e+00 2.444427876847577341e+00
2.000000000000000000e+00 3.311628993794934583e+00 1.726600299130889971e+00
3.000000000000000000e+00 2.814203332366929988e+00 1.105759719078106107e+00
4.000000000000000000e+00 2.704859644253837292e+00 1.010054118691525060e+00
5.000000000000000000e+00 2.522784210234925606e+00 5.931694493967599735e-01
6.000000000000000000e+00 2.704652282767066929e+00 1.503852062002801304e+00
7.000000000000000000e+00 2.370663478926858581e+00 1.779200522511025229e+00
8.000000000000000000e+00 2.345665185108941841e+00 6.880703594666573997e-01
9.000000000000000000e+00 2.576415347846360948e+00 5.195403940771418760e+00
1.000000000000000000e+01 2.354473200802985389e+00 7.344053018576197633e-01
1.100000000000000000e+01 2.414511293534666425e+00 1.288682448032786088e+00
1.200000000000000000e+01 2.101431904990579635e+00 1.485631248450819175e+00
1.300000000000000000e+01 2.385486264813937662e+00 1.100198493171505421e+00
1.400000000000000000e+01 2.152639040872697862e+00 9.055565767016825474e-01
1.500000000000000000e+01 2.041614348940500534e+00 9.304043203947512941e-01
1.600000000000000000e+01 2.346650696625254717e+00 1.799381137817778420e+00
1.700000000000000000e+01 1.925450461304867522e+00 4.578867215791959211e+00
1.800000000000000000e+01 2.614813892863098843e+00 6.922093627261746152e-01
1.900000000000000000e+01 1.942389632717684611e+00 6.593786311603381245e-01
2.000000000000000000e+01 2.096093525905899924e+00 1.463286102626192964e+00
2.100000000000000000e+01 2.265031861231313837e+00 5.816778617070741397e-01
2.200000000000000000e+01 1.912057656239876335e+00 2.263043599276491680e+00
2.300000000000000000e+01 2.171476490182372654e+00 2.485347489208089566e+00
2.400000000000000000e+01 2.377806241923736685e+00 1.054705647376495747e+00
2.500000000000000000e+01 1.962713027740556893e+00 1.007461859346217459e+00
2.600000000000000000e+01 1.910107102120011557e+00 9.067269618022427702e-01
2.700000000000000000e+01 1.893974916775063022e+00 1.681314460089578855e+00
2.800000000000000000e+01 1.939876853468570195e+00 7.796000136823989513e-01
2.900000000000000000e+01 2.121326898835786068e+00 1.416070454204466200e+00
3.000000000000000000e+01 1.853009206696185851e+00 8.324182162836141208e-01
3.100000000000000000e+01 2.329818543518027862e+00 4.269117813428621844e+00
3.200000000000000000e+01 1.603221814661162536e+00 1.684874168169796738e+00
3.300000000000000000e+01 1.974555880502571359e+00 3.941236623706067199e+00
3.400000000000000000e+01 1.696832642102674704e+00 2.702597131479766990e+00
3.500000000000000000e+01 1.971810337657316836e+00 1.918387018934478272e+00
3.600000000000000000e+01 1.713667007716049628e+00 1.001864650247882738e+00
3.700000000000000000e+01 1.806678788142001446e+00 1.270688967000031422e+00
3.800000000000000000e+01 1.803716274863120583e+00 8.127789168981601753e-01
3.900000000000000000e+01 1.937373544904540834e+00 9.387849547919130400e-01
4.000000000000000000e+01 1.945667612375969968e+00 2.762760366138883317e+00
4.100000000000000000e+01 1.850377332973987432e+00 1.366037642323501888e+00
4.200000000000000000e+01 1.486245685345168877e+00 8.192182806574687115e-01
4.300000000000000000e+01 2.012883807433412553e+00 2.083464904056686606e+00
4.400000000000000000e+01 1.551659184808933833e+00 2.115480166847714560e+00
4.500000000000000000e+01 1.728486881452671931e+00 8.621104797137473241e-01
4.600000000000000000e+01 1.913723973997008887e+00 6.234897093534362833e-01
4.700000000000000000e+01 1.416109984737339733e+00 2.484396163698316951e+00
4.800000000000000000e+01 1.879202654391070482e+00 4.071271772002434730e+00
4.900000000000000000e+01 1.415950872796646998e+00 6.960034596093256365e-01
5.000000000000000000e+01 1.908980067811558934e+00 3.405574251841021027e+00
5.100000000000000000e+01 1.645183391904265768e+00 1.817088968820949946e+00
5.200000000000000000e+01 1.541294907318784935e+00 5.655643718785587915e-01
5.300000000000000000e+01 1.952741169629821805e+00 1.637998430411352402e+00
5.400000000000000000e+01 1.672713330599926884e+00 7.385602812948763862e-01
5.500000000000000000e+01 1.464285906713371999e+00 1.653866815437364135e+00
5.600000000000000000e+01 1.914623880450234239e+00 1.157965660215098946e+00
5.700000000000000000e+01 1.307910453607427304e+00 1.203909000708178745e+00
5.800000000000000000e+01 1.903687719784278531e+00 2.132143685809548828e+00
5.900000000000000000e+01 1.403082496115962252e+00 9.554733121112717331e-01
6.000000000000000000e+01 1.675412192225785635e+00 9.450600186764697153e-01
6.100000000000000000e+01 1.722192745100944666e+00 1.070177037379880902e+00
6.200000000000000000e+01 1.586878536963876041e+00 8.831668697936955192e-01
6.300000000000000000e+01 1.498558135178084560e+00 6.855370879119997429e-01
6.400000000000000000e+01 1.634086198973154547e+00 2.048711751229146394e+00
6.500000000000000000e+01 1.598055995701944898e+00 2.562723542784514752e+00
6.600000000000000000e+01 1.573517404568411937e+00 1.081116693886940539e+00
