1.000000000000000000e+00 4.266676714206609766e+00 1.955778441927194411e+00
2.000000000000000000e+00 3.282873280537800920e+00 1.683883672960019728e+00
3.000000000000000000e+00 2.701490822864943020e+00 1.304092989569099359e+00
4.000000000000000000e+00 2.529751181344882749e+00 5.820306365657943459e-01
5.000000000000000000e+00 2.608216818192807374e+00 5.821789823592224966e-01
6.000000000000000000e+00 2.292306581698879686e+00 6.712996888956416219e-01
7.000000000000000000e+00 2.506677166678133784e+00 6.794701203224979835e-01
8.000000000000000000e+00 2.272827569015172244e+00 4.644027876544499778e-01
9.000000000000000000e+00 2.294427530859494802e+00 5.294294520125842896e-01
1.000000000000000000e+01 2.036063834921080229e+00 8.829851513003241781e-01
1.100000000000000000e+01 2.224630397374556701e+00 1.345087253266418204e+00
1.200000000000000000e+01 2.358926448510999307e+00 6.261738184724366940e-01
1.300000000000000000e+01 2.168304370841583228e+00 7.221889416278514107e-01
1.400000000000000000e+01 2.240089834800788271e+00 6.691942939946913249e-01
1.500000000000000000e+01 2.004768692297475674e+00 1.545348708502883861e+00
1.600000000000000000e+01 2.029564552310816339e+00 6.287209591995210900e-01
1.700000000000000000e+01 2.191674909211483335e+00 5.929109638347319633e-01
1.800000000000000000e+01 1.872523560207717264e+00 1.383521076775304559e+00
1.900000000000000000e+01 2.119963508441136568e+00 4.349918573800064525e-01
2.000000000000000000e+01 2.177127223915937382e+00 5.389945174398175221e-01
2.100000000000000000e+01 1.857088028347077202e+00 8.911937024301592736e-01
2.200000000000000000e+01 2.258242626078561077e+00 4.736690483664994789e-01
2.300000000000000000e+01 1.816623937495711605e+00 4.571248893390038037e-01
2.400000000000000000e+01 2.303693668429209307e+00 4.946314313061010437e-01
2.500000000000000000e+01 2.021022024251022842e+00 4.139679177066746263e-01
2.600000000000000000e+01 1.943823390898584247e+00 4.789672605555195806e-01
2.700000000000000000e+01 2.107109180337288556e+00 5.085721259800848326e-01
2.800000000000000000e+01 1.809377554017884915e+00 7.420407074638291078e-01
2.900000000000000000e+01 1.868667826419021738e+00 6.493278733732084085e-01
3.000000000000000000e+01 1.974408159602661472e+00 4.569191006559081836e-01
3.100000000000000000e+01 1.827376407013959758e+00 5.114737500071673271e-01
3.200000000000000000e+01 2.097469859850220608e+00 4.447935941192805998e-01
3.300000000000000000e+01 1.620662427678400075e+00 3.988142825101302913e-01
3.400000000000000000e+01 1.969151571410971968e+00 5.917171639181921794e-01
3.500000000000000000e+01 1.832245687696159919e+00 4.808049204544024846e-01
3.600000000000000000e+01 1.739495709625517472e+00 6.776718222461318719e-01
3.700000000000000000e+01 2.045585975369342169e+00 8.225202579580809248e-01
3.800000000000000000e+01 1.509130854647652731e+00 7.655234831962066666e-01
3.900000000000000000e+01 2.130439921909449197e+00 7.536806968145524088e-01
4.000000000000000000e+01 1.751593515988873140e+00 4.226915487105530889e-01
4.100000000000000000e+01 1.950837261476913609e+00 5.307278450951440352e-01
4.200000000000000000e+01 1.859677903478683447e+00 6.168341175440068547e-01
4.300000000000000000e+01 1.801266645746571582e+00 4.010693434584420847e-01
4.400000000000000000e+01 1.699723126996795175e+00 5.199875538369781447e-01
4.500000000000000000e+01 1.807431445590087282e+00 5.323673368826490337e-01
4.600000000000000000e+01 1.907257170705687566e+00 4.662791626857149541e-01
4.700000000000000000e+01 1.441118246366716038e+00 3.684318134899634556e-01
4.800000000000000000e+01 1.696128726309659607e+00 9.428741486906563329e-01
4.900000000000000000e+01 1.437816431986040477e+00 4.917477073127171083e-01
5.000000000000000000e+01 2.025359691802077755e+00 5.539369471877703122e-01
5.100000000000000000e+01 1.408337616646776480e+00 4.763109295160425360e-01
5.200000000000000000e+01 2.057030805219121294e+00 7.771114621527852595e-01
5.300000000000000000e+01 1.643975864041661961e+00 5.793360456253305868e-01
5.400000000000000000e+01 1.710621551502080173e+00 4.311010332867890038e-01
5.500000000000000000e+01 1.607339678766156021e+00 6.476074838815130130e-01
5.600000000000000000e+01 1.427587556462137197e+00 6.416487468335183575e-01
5.700000000000000000e+01 1.641628760464337367e+00 4.925912590455654994e-01
5.800000000000000000e+01 1.515659896170153287e+00 1.631590723254624731e+00
5.900000000000000000e+01 1.642308217915547930e+00 1.210291229455521034e+00
6.000000000000000000e+01 1.695906410440646939e+00 4.886841589057696056e-01
6.100000000000000000e+01 1.374614045936234152e+00 1.009888006376542302e+00
6.200000000000000000e+01 1.648502254397833822e+00 4.633136228076901730e-01
6.300000000000000000e+01 1.517696934890728100e+00 1.367447062240100708e+00
6.400000000000000000e+01 1.324772279245369777e+00 7.806999737901062497e-01
6.500000000000000000e+01 1.552954136490793058e+00 4.804602758256702466e-01
6.600000000000000000e+01 1.654430533626249922e+00 5.061529067302369400e-01
6.700000000000000000e+01 1.598645339475101679e+00 2.271291270096900128e+00
6.800000000000000000e+01 1.585142298496547086e+00 5.067070931085697616e-01
6.900000000000000000e+01 1.466370720291385821e+00 5.732770053064277782e-01
7.000000000000000000e+01 1.633399297129444872e+00 9.062825413363235771e-01
7.100000000000000000e+01 1.293768873176935896e+00 4.689795926710583762e-01
7.200000000000000000e+01 1.454271006164382873e+00 6.214252691186402666e-01
7.300000000000000000e+01 1.623588953091173792e+00 7.660691892113467016e-01
7.400000000000000000e+01 1.456797103723939779e+00 7.124088971664938041e-01
7.500000000000000000e+01 1.355683163992640106e+00 9.408990547005708915e-01
7.600000000000000000e+01 1.605085346704962390e+00 4.858836396073528685e-01
7.700000000000000000e+01 1.496649450355885147e+00 5.758389978679944177e-01
7.800000000000000000e+01 1.334977619940874938e+00 6.555695939712382625e-01
7.900000000000000000e+01 1.525973856220153690e+00 5.995071213162873613e-01
8.000000000000000000e+01 1.409260177554465088e+00 1.326422454989589994e+00
8.100000000000000000e+01 1.704006539725837488e+00 6.717671251709588232e-01
8.200000000000000000e+01 1.380816066757660998e+00 1.129499271567289354e+00
8.300000000000000000e+01 1.367818644376290527e+00 8.446448005837180473e-01
8.400000000000000000e+01 1.492353431272263498e+00 5.441476135377683043e-01
8.500000000000000000e+01 1.268450802834141689e+00 5.495506306955929565e-01
8.600000000000000000e+01 1.543041203471840594e+00 8.239080222929069386e-01
8.700000000000000000e+01 1.289827262753007409e+00 9.491387854695172432e-01
8.800000000000000000e+01 1.211547446100651682e+00 8.348869702724650566e-01
8.900000000000000000e+01 1.359238187302084233e+00 7.494982977585386008e-01
9.000000000000000000e+01 1.350963371622414533e+00 7.845289166395095215e-01
9.100000000000000000e+01 1.614132341464646681e+00 6.637432673216160373e-01
9.200000000000000000e+01 1.298383497116135432e+00 5.547819072737534274e-01
9.300000000000000000e+01 1.375710717492363067e+00 7.047918733619199516e-01
9.400000000000000000e+01 1.265724389996229160e+00 7.892937182790711326e-01
9.500000000000000000e+01 1.373223494622362928e+00 5.568132637384058947e-01
9.600000000000000000e+01 1.321855918048810530e+00 6.365665552495288759e-01
9.700000000000000000e+01 1.220373970542062869e+00 7.403001079453230826e-01
9.800000000000000000e+01 1.256019505070132602e+00 6.345236315420738071e-01
9.900000000000000000e+01 1.363983172879499550e+00 6.402589325851798518e-01
1.000000000000000000e+02 1.191342027910521795e+00 1.226049407892969789e+00
1.010000000000000000e+02 1.384663937904206055e+00 7.458009703639706389e-01
1.020000000000000000e+02 1.174394742375900913e+00 8.283631316810956546e-01
1.030000000000000000e+02 1.443020178347217852e+00 6.066809773297775488e-01
1.040000000000000000e+02 1.214435184812949986e+00 7.069954332079374515e-01
1.050000000000000000e+02 1.323731402751682884e+00 6.300403114007636640e-01
1.060000000000000000e+02 1.176632841482979197e+00 6.082056214105066028e-01
1.070000000000000000e+02 1.249604481122359223e+00 7.877510715326655477e-01
1.080000000000000000e+02 1.241430669276415655e+00 6.990674406989985101e-01
1.090000000000000000e+02 1.166444307071965225e+00 6.515950439002811123e-01
1.100000000000000000e+02 1.349349938537560245e+00 9.133377781020401986e-01
1.110000000000000000e+02 1.139951532367183162e+00 1.057668504373104890e+00
1.120000000000000000e+02 1.245944376142562149e+00 8.591857595997776098e-01
1.130000000000000000e+02 1.272002254783654029e+00 7.614451175272390904e-01
1.140000000000000000e+02 1.262052199062035918e+00 1.054314631024750870e+00
1.150000000000000000e+02 1.068450123811063968e+00 9.571918368486892481e-01
1.160000000000000000e+02 1.192369338384198452e+00 7.278543312853139602e-01
1.170000000000000000e+02 1.606427045062142511e+00 5.884427291943205018e-01
1.180000000000000000e+02 1.142712031010867824e+00 1.022647279302033585e+00
1.190000000000000000e+02 1.288249344303876054e+00 7.117631129634984788e-01
1.200000000000000000e+02 1.088764792346224475e+00 6.394885377624568434e-01
1.210000000000000000e+02 1.186406492825376580e+00 6.948777748126770959e-01
1.220000000000000000e+02 1.192417817958453696e+00 8.288294037134007475e-01
1.230000000000000000e+02 1.267906648315945350e+00 6.249339661948908331e-01
1.240000000000000000e+02 1.086192822418765802e+00 8.441639142513864824e-01
1.250000000000000000e+02 1.173550803189565839e+00 6.804983399633424135e-01
1.260000000000000000e+02 1.066299510803543127e+00 1.006748768248870496e+00
1.270000000000000000e+02 1.086811724822132064e+00 7.854060008293028972e-01
1.280000000000000000e+02 1.113030744634811775e+00 6.542630544109603319e-01
1.290000000000000000e+02 1.060786819883755339e+00 6.955148753041242582e-01
1.300000000000000000e+02 1.085501003688973176e+00 7.444162541178455106e-01
1.310000000000000000e+02 9.613035552236450787e-01 7.035267644818544719e-01
1.320000000000000000e+02 1.092101639917656186e+00 9.241192853642334892e-01
1.330000000000000000e+02 1.048134910774116468e+00 1.175391997778224118e+00
1.340000000000000000e+02 1.218634817825288152e+00 6.691571730471069790e-01
1.350000000000000000e+02 9.862922236775922835e-01 8.339359307171240188e-01
1.360000000000000000e+02 1.119110458663531649e+00 6.569946430374871138e-01
1.370000000000000000e+02 1.087038943883155584e+00 8.710077983339873375e-01
1.380000000000000000e+02 1.210557138122001053e+00 6.984705393777053128e-01
1.390000000000000000e+02 1.078300020159507211e+00 7.728520390498181403e-01
1.400000000000000000e+02 1.113444302611205083e+00 8.465151721968491305e-01
1.410000000000000000e+02 1.054989617626492349e+00 8.675207901649333309e-01
1.420000000000000000e+02 1.066467652866104787e+00 6.763250015132654669e-01
1.430000000000000000e+02 9.418040679454343644e-01 6.205954012381573737e-01
1.440000000000000000e+02 1.206891675992887825e+00 6.857484103870038483e-01
1.450000000000000000e+02 1.011810213166974393e+00 6.770877098418284223e-01
1.460000000000000000e+02 1.230045533541585412e+00 8.268921941850330137e-01
1.470000000000000000e+02 9.313285594844088466e-01 5.821373346267436633e-01
1.480000000000000000e+02 1.003363558820554280e+00 7.520419705488773365e-01
1.490000000000000000e+02 9.502423731839003684e-01 8.087396113333212844e-01
1.500000000000000000e+02 1.108077591411969154e+00 7.198293549463392615e-01
1.510000000000000000e+02 8.948877484262439674e-01 7.657429970828505406e-01
1.520000000000000000e+02 1.053263339736596249e+00 7.115547368199333089e-01
1.530000000000000000e+02 9.145041267026443599e-01 1.229539451257260163e+00
1.540000000000000000e+02 9.176025526939616261e-01 9.153957334525505418e-01
1.550000000000000000e+02 1.026365910865822517e+00 7.278520315332966950e-01
1.560000000000000000e+02 8.866580712045131207e-01 6.825101402103532777e-01
1.570000000000000000e+02 1.155877216256895545e+00 8.265014211238536079e-01
1.580000000000000000e+02 1.045202931297921189e+00 9.019516065477293232e-01
1.590000000000000000e+02 9.636800704257828531e-01 8.251769807931077505e-01
1.600000000000000000e+02 9.650008633237878719e-01 8.998299082660556891e-01
1.610000000000000000e+02 1.177974639202700180e+00 7.800036904543674599e-01
1.620000000000000000e+02 8.976896981906703488e-01 7.044407718703242782e-01
1.630000000000000000e+02 1.028191267683201682e+00 8.222472750212265202e-01
1.640000000000000000e+02 9.665535537868129579e-01 7.746010893502253136e-01
1.650000000000000000e+02 9.722756065359684507e-01 7.940925290469628139e-01
1.660000000000000000e+02 9.425461637031298245e-01 8.466150353953924013e-01
1.670000000000000000e+02 8.993013554385730357e-01 8.550471596429021215e-01
1.680000000000000000e+02 9.320961452278198056e-01 7.520396442731615005e-01
1.690000000000000000e+02 9.604694105019899730e-01 8.441703833077834895e-01
1.700000000000000000e+02 8.819952382367340915e-01 7.798790751929925991e-01
1.710000000000000000e+02 9.632677016305364326e-01 7.697030873174868226e-01
1.720000000000000000e+02 1.027697567276808721e+00 8.945133457667158172e-01
1.730000000000000000e+02 8.798277432165321210e-01 8.523622460948816482e-01
1.740000000000000000e+02 9.079472872747236245e-01 7.087833879904634760e-01
1.750000000000000000e+02 9.942586133102406798e-01 7.898512844396904375e-01
1.760000000000000000e+02 9.414729335770553043e-01 8.019430575470989364e-01
1.770000000000000000e+02 8.542324607165492356e-01 8.822107600930004789e-01
1.780000000000000000e+02 9.068949864167316077e-01 8.905369917158733051e-01
1.790000000000000000e+02 1.068826013157109234e+00 6.842218320655586439e-01
1.800000000000000000e+02 8.212711896429828462e-01 7.201663884892599565e-01
1.810000000000000000e+02 8.335741528275968371e-01 7.253137826919555664e-01
1.820000000000000000e+02 9.316069627843317491e-01 6.754951794598393899e-01
1.830000000000000000e+02 8.426934432272626951e-01 7.469110709922422986e-01
1.840000000000000000e+02 9.832459573795337970e-01 9.041127448323630356e-01
1.850000000000000000e+02 8.640951552442094341e-01 8.925392835116651158e-01
1.860000000000000000e+02 8.878790344176840099e-01 6.860837909877668395e-01
1.870000000000000000e+02 9.066422908502089761e-01 1.152844261916812441e+00
1.880000000000000000e+02 1.063358625283046699e+00 9.581524971757447995e-01
1.890000000000000000e+02 8.432444936588030515e-01 8.252982932645989145e-01
1.900000000000000000e+02 8.465256268725771527e-01 9.429738553993781691e-01
1.910000000000000000e+02 8.774334287955886102e-01 7.922388185529390947e-01
1.920000000000000000e+02 8.437485994148750112e-01 7.876739426802645827e-01
1.930000000000000000e+02 9.537456689166182722e-01 8.284020384103611967e-01
1.940000000000000000e+02 8.859787999367226830e-01 6.204165154688142669e-01
1.950000000000000000e+02 9.649537789769151441e-01 7.222765583190399186e-01
1.960000000000000000e+02 8.114435391766684491e-01 7.474903457686397079e-01
1.970000000000000000e+02 8.677653422602275013e-01 7.924968950975368465e-01
1.980000000000000000e+02 9.163024817599730865e-01 7.633104075312762138e-01
1.990000000000000000e+02 8.473660698338669750e-01 6.634957825739686843e-01
2.000000000000000000e+02 8.251078784847412084e-01 8.034824293535041129e-01
2.010000000000000000e+02 7.707828571840303900e-01 1.056239556617878383e+00
2.020000000000000000e+02 8.381404123911145865e-01 6.587776279419992331e-01
2.030000000000000000e+02 9.158631191200234944e-01 8.042326284427430139e-01
2.040000000000000000e+02 8.741444638057821459e-01 6.916937125922723029e-01
2.050000000000000000e+02 8.540407774864839929e-01 6.523522434776881651e-01
2.060000000000000000e+02 8.078051998358624086e-01 8.290943445175038562e-01
2.070000000000000000e+02 8.812755492745804053e-01 7.556692778843148162e-01
2.080000000000000000e+02 7.957052797198342908e-01 9.626176893637413690e-01
2.090000000000000000e+02 7.262684075426416586e-01 6.601414079277123648e-01
2.100000000000000000e+02 8.417528193567742623e-01 8.086126871839883767e-01
2.110000000000000000e+02 8.485359979229194494e-01 8.168142770217876603e-01
2.120000000000000000e+02 8.173267346541850387e-01 6.310912126811090150e-01
2.130000000000000000e+02 8.502997577834386922e-01 8.905435190507301479e-01
2.140000000000000000e+02 9.011230604225943797e-01 8.077490528301786155e-01
2.150000000000000000e+02 8.015455672285612954e-01 7.447676048585304409e-01
2.160000000000000000e+02 8.206258423700958371e-01 8.932902886634703776e-01
2.170000000000000000e+02 9.338768744955256995e-01 6.613052032786629342e-01
2.180000000000000000e+02 8.007592617463664686e-01 8.533436868187818103e-01
2.190000000000000000e+02 8.407343225285743848e-01 9.855222604772806427e-01
2.200000000000000000e+02 7.835028484749908539e-01 7.770377581729582817e-01
2.210000000000000000e+02 8.371462568032498330e-01 8.142126471504145258e-01
2.220000000000000000e+02 7.639687109179571500e-01 7.050808210602796944e-01
2.230000000000000000e+02 8.590378897876537190e-01 6.419291767407996341e-01
2.240000000000000000e+02 8.224547644336970276e-01 7.163376158335890143e-01
2.250000000000000000e+02 7.216075604178985303e-01 9.588734982776995208e-01
2.260000000000000000e+02 7.523391210040649701e-01 7.762954413006715182e-01
2.270000000000000000e+02 8.145841606417481007e-01 8.149106779558255020e-01
2.280000000000000000e+02 8.525670429201691602e-01 8.244729727248768514e-01
2.290000000000000000e+02 7.314180205671154678e-01 6.529448822195951241e-01
2.300000000000000000e+02 6.834098107726095384e-01 7.199694435440271434e-01
2.310000000000000000e+02 8.427191504768105634e-01 6.572562039856267857e-01
2.320000000000000000e+02 8.042503478265657924e-01 8.081386665478624831e-01
2.330000000000000000e+02 8.696970915307804528e-01 7.335639723814904034e-01
2.340000000000000000e+02 7.614179107327373464e-01 1.003125369769828357e+00
2.350000000000000000e+02 6.887790441584615841e-01 6.981717216953801097e-01
2.360000000000000000e+02 8.237407529068427881e-01 7.047109200132202211e-01
2.370000000000000000e+02 7.189323514544901927e-01 7.326249443409027506e-01
2.380000000000000000e+02 8.197049062948028597e-01 9.476911952380638882e-01
2.390000000000000000e+02 7.401805486606092277e-01 8.385811292638885028e-01
2.400000000000000000e+02 8.651543853188775612e-01 7.473007272215207442e-01
2.410000000000000000e+02 7.064893060711537887e-01 6.167584138983407405e-01
2.420000000000000000e+02 6.786318162874299675e-01 6.992026183602246814e-01
2.430000000000000000e+02 7.817492803677218438e-01 9.086472366295285097e-01
2.440000000000000000e+02 8.157673902862299098e-01 6.939838407066165615e-01
2.450000000000000000e+02 7.095876824741317312e-01 7.676025531790018341e-01
2.460000000000000000e+02 6.881699801493091906e-01 6.826675505514345765e-01
2.470000000000000000e+02 7.675812408632162187e-01 8.359217098528434198e-01
2.480000000000000000e+02 7.885213591113668929e-01 6.619964199985650666e-01
2.490000000000000000e+02 7.435809825218540059e-01 8.662905027014657922e-01
2.500000000000000000e+02 6.155270631520115554e-01 7.223160620525534981e-01
2.510000000000000000e+02 7.928629144206080781e-01 6.990240138894400213e-01
2.520000000000000000e+02 6.999664265377705252e-01 6.546278528141592501e-01
2.530000000000000000e+02 7.856834178074162400e-01 8.054863243226804137e-01
2.540000000000000000e+02 7.782501122172997832e-01 6.709015579762948045e-01
2.550000000000000000e+02 6.946961333938979077e-01 6.484074014226349769e-01
2.560000000000000000e+02 7.107895622281085179e-01 7.481234302037431672e-01
2.570000000000000000e+02 6.954781476180164068e-01 6.812272598260118439e-01
2.580000000000000000e+02 6.905252393745049400e-01 7.427542956709419775e-01
2.590000000000000000e+02 6.968507646518218301e-01 7.458029207399365923e-01
2.600000000000000000e+02 6.912678626118874403e-01 7.045551850120864712e-01
2.610000000000000000e+02 7.959102474436277053e-01 6.487092962223756087e-01
2.620000000000000000e+02 6.515987835702251596e-01 6.805139587747741636e-01
2.630000000000000000e+02 7.245108335435080926e-01 6.843617529008533262e-01
2.640000000000000000e+02 7.483647423250382458e-01 1.129637477277088520e+00
2.650000000000000000e+02 7.508431226313233564e-01 7.819987461799744466e-01
2.660000000000000000e+02 7.229258198863954821e-01 7.062280792535751139e-01
2.670000000000000000e+02 6.629697395374580804e-01 6.604155085437525274e-01
2.680000000000000000e+02 7.593634810291227666e-01 6.186596873516795325e-01
2.690000000000000000e+02 7.820741119218760362e-01 8.029698933600200039e-01
2.700000000000000000e+02 7.591374264711758801e-01 6.099118044777175340e-01
2.710000000000000000e+02 5.956531591609078857e-01 7.259262319843023947e-01
2.720000000000000000e+02 6.105543213744027975e-01 6.280095152124044455e-01
2.730000000000000000e+02 7.929155113077869244e-01 7.668303332311113829e-01
2.740000000000000000e+02 6.863912476043206867e-01 6.675382896760485574e-01
2.750000000000000000e+02 6.184538132986243664e-01 5.770804057604597137e-01
2.760000000000000000e+02 7.091837168331317498e-01 7.572416378040101037e-01
2.770000000000000000e+02 6.930067421246071113e-01 8.388758161011967696e-01
2.780000000000000000e+02 8.084284436641907545e-01 6.285830498183760939e-01
2.790000000000000000e+02 6.661777124745028589e-01 7.920516116362714687e-01
2.800000000000000000e+02 6.239141118372251160e-01 7.245794323967178485e-01
2.810000000000000000e+02 7.297318118567369671e-01 8.440992061523041601e-01
2.820000000000000000e+02 6.917126276538151375e-01 9.888522554239619344e-01
2.830000000000000000e+02 6.530236747990898483e-01 6.658625265281781225e-01
2.840000000000000000e+02 6.344782986501160682e-01 8.018158699290272029e-01
2.850000000000000000e+02 6.202113987866291200e-01 7.559867847540470143e-01
2.860000000000000000e+02 7.218765041657856374e-01 9.059381137230192449e-01
2.870000000000000000e+02 6.588065391471262799e-01 9.738737232752872064e-01
2.880000000000000000e+02 6.589098615556203686e-01 7.167663664104617638e-01
2.890000000000000000e+02 7.187265759374962260e-01 7.628088715049923252e-01
2.900000000000000000e+02 6.433008876596750802e-01 8.297642417832269413e-01
2.910000000000000000e+02 6.926703983590620783e-01 6.892650903965840126e-01
2.920000000000000000e+02 6.620809627430779276e-01 8.812673681303950790e-01
2.930000000000000000e+02 6.976304755729882956e-01 6.778292364184140828e-01
2.940000000000000000e+02 6.111371435466504964e-01 5.851657079677794471e-01
2.950000000000000000e+02 6.564877418934607078e-01 6.159129748385679948e-01
2.960000000000000000e+02 6.863777808090743004e-01 7.678307996986822870e-01
2.970000000000000000e+02 6.619989494184533863e-01 6.805109725747031657e-01
2.980000000000000000e+02 6.463310339299140894e-01 9.229632218187612258e-01
2.990000000000000000e+02 6.004578484108253900e-01 6.616416001054648000e-01
3.000000000000000000e+02 6.653482966057964187e-01 5.564462546217721073e-01
3.010000000000000000e+02 6.456948709695422561e-01 6.900264886754700067e-01
3.020000000000000000e+02 6.180860719760926658e-01 7.445163898473912134e-01
3.030000000000000000e+02 6.021063706573365204e-01 6.208927534861381492e-01
3.040000000000000000e+02 6.588452935510991093e-01 7.241046436048114154e-01
3.050000000000000000e+02 5.791264027846054763e-01 8.944798538505073227e-01
3.060000000000000000e+02 5.921779043060175773e-01 6.292968813067461031e-01
3.070000000000000000e+02 6.436501302946884273e-01 6.774127751551982657e-01
3.080000000000000000e+02 6.334948327647251798e-01 5.744580328096123845e-01
3.090000000000000000e+02 6.959169299316768642e-01 8.715751026705257365e-01
3.100000000000000000e+02 5.766687901199412103e-01 8.208059748848819392e-01
3.110000000000000000e+02 5.894395385982513780e-01 6.189125908172616874e-01
3.120000000000000000e+02 5.963237201275468635e-01 6.826451023665287554e-01
3.130000000000000000e+02 6.527850659388978460e-01 7.041641439878748576e-01
3.140000000000000000e+02 5.918778192912306224e-01 7.461313732032870405e-01
3.150000000000000000e+02 6.235363167421776875e-01 7.419064828875038264e-01
3.160000000000000000e+02 5.415293780934004042e-01 7.117110561528813273e-01
3.170000000000000000e+02 6.236939018561679093e-01 6.342035064885878093e-01
3.180000000000000000e+02 6.164966455551565971e-01 6.632468438119027976e-01
3.190000000000000000e+02 6.171636566263334345e-01 9.174974415594037147e-01
3.200000000000000000e+02 6.095524203716492506e-01 6.517217914459879635e-01
3.210000000000000000e+02 6.185813123522018175e-01 5.888460993914138575e-01
3.220000000000000000e+02 5.530789922692376237e-01 7.253240267337474068e-01
3.230000000000000000e+02 5.439055447219586226e-01 6.226825771579341806e-01
3.240000000000000000e+02 6.306687870195933909e-01 7.849959771624307470e-01
3.250000000000000000e+02 6.033029431793965891e-01 7.232068009370631323e-01
3.260000000000000000e+02 6.246385697569070139e-01 6.988757393416132890e-01
3.270000000000000000e+02 6.448633463776746177e-01 8.606261010517738397e-01
3.280000000000000000e+02 6.446562239245062775e-01 8.090552700170038358e-01
3.290000000000000000e+02 5.576537351672198328e-01 6.976233350921178245e-01
3.300000000000000000e+02 5.374241741944332240e-01 7.915336409369564397e-01
3.310000000000000000e+02 6.639267125699884753e-01 6.719845159092114883e-01
3.320000000000000000e+02 5.560495587331908407e-01 8.316280117583068066e-01
3.330000000000000000e+02 5.747815250749376270e-01 7.626281453593551918e-01
3.340000000000000000e+02 5.999107976653137442e-01 7.359113656398834635e-01
3.350000000000000000e+02 6.447759668747869988e-01 7.180309734032092051e-01
3.360000000000000000e+02 5.939737478057209863e-01 7.162524796976295072e-01
3.370000000000000000e+02 6.108728781158128118e-01 6.581965546378099052e-01
3.380000000000000000e+02 5.742999296443087598e-01 8.668094491781793698e-01
3.390000000000000000e+02 5.777747700528270691e-01 6.386324865708982168e-01
3.400000000000000000e+02 5.570619647290144805e-01 5.956373117468118927e-01
3.410000000000000000e+02 6.098835554562744843e-01 6.088311911660749809e-01
3.420000000000000000e+02 5.948946052515993177e-01 1.070866891568611923e+00
3.430000000000000000e+02 6.253437540004074258e-01 6.188449640798627804e-01
3.440000000000000000e+02 5.982203089103264038e-01 7.010722767437344016e-01
3.450000000000000000e+02 5.897120910943770555e-01 6.640473332334360101e-01
3.460000000000000000e+02 6.493905807925960394e-01 7.777581783690764583e-01
3.470000000000000000e+02 5.278572520675683943e-01 7.649884904712916933e-01
3.480000000000000000e+02 5.641876177824273197e-01 6.674106480606701863e-01
3.490000000000000000e+02 5.986208480031672829e-01 7.895680403679941062e-01
3.500000000000000000e+02 5.560420174531790494e-01 7.242930934514634211e-01
3.510000000000000000e+02 5.776687674954708029e-01 8.505757251392925822e-01
3.520000000000000000e+02 5.994775066418307485e-01 7.869098417101743070e-01
3.530000000000000000e+02 5.614757938807656279e-01 6.953133507476306763e-01
3.540000000000000000e+02 5.686681318361790360e-01 7.716796474786860038e-01
3.550000000000000000e+02 5.891585197626184600e-01 8.341936655480722829e-01
3.560000000000000000e+02 5.930779877091560959e-01 6.149702922375446246e-01
3.570000000000000000e+02 5.228380617522010443e-01 6.463770198144194179e-01
3.580000000000000000e+02 5.429639216958164205e-01 6.702934912462317207e-01
3.590000000000000000e+02 5.541146039730217021e-01 8.001117743137298177e-01
3.600000000000000000e+02 5.856864878395739993e-01 7.189718923256335215e-01
3.610000000000000000e+02 5.287571755566676801e-01 8.239074251413051053e-01
3.620000000000000000e+02 5.606003171023057341e-01 6.754748165533775994e-01
3.630000000000000000e+02 5.445557728436106748e-01 6.968037343143090867e-01
3.640000000000000000e+02 5.617362004609740556e-01 6.861588082590562854e-01
3.650000000000000000e+02 6.399966559597567439e-01 7.247009018000919456e-01
3.660000000000000000e+02 4.922893922679087431e-01 8.605108426144745248e-01
3.670000000000000000e+02 6.009351068696960896e-01 8.050477239124854689e-01
3.680000000000000000e+02 4.935972059235758103e-01 6.495771235677013644e-01
3.690000000000000000e+02 5.664967914106322500e-01 6.842307938338799689e-01
3.700000000000000000e+02 5.734166719761787379e-01 7.004553601237840654e-01
3.710000000000000000e+02 5.705998985754962005e-01 7.108897939600667959e-01
3.720000000000000000e+02 5.834554362741003475e-01 6.690175360153868267e-01
3.730000000000000000e+02 4.642352927096036197e-01 6.600229415227515384e-01
3.740000000000000000e+02 5.640487908756508517e-01 7.994835733335893257e-01
3.750000000000000000e+02 4.739874772867616604e-01 7.352962127722090235e-01
3.760000000000000000e+02 5.971336986647457490e-01 7.573673490098733474e-01
3.770000000000000000e+02 5.371529983944680620e-01 1.098543741868069690e+00
3.780000000000000000e+02 6.112788701889847465e-01 7.420535433867069264e-01
3.790000000000000000e+02 5.260939758174082437e-01 7.289820970651982313e-01
3.800000000000000000e+02 5.316679694942113565e-01 7.722762218953946878e-01
3.810000000000000000e+02 5.049821810168521052e-01 6.938207231287019106e-01
3.820000000000000000e+02 5.453723948304297631e-01 6.797637630009975007e-01
3.830000000000000000e+02 5.186888538560374684e-01 7.556677283109044518e-01
3.840000000000000000e+02 4.905115207012484824e-01 7.582520698145381877e-01
3.850000000000000000e+02 5.351929676322852991e-01 7.495533714188338248e-01
3.860000000000000000e+02 5.530876584163233467e-01 8.746117894228073730e-01
3.870000000000000000e+02 5.157190735123547976e-01 6.753538228083305617e-01
3.880000000000000000e+02 5.340902457324540054e-01 6.763848527547602352e-01
3.890000000000000000e+02 6.007921637094416623e-01 6.974888673082122459e-01
3.900000000000000000e+02 5.415675087039973912e-01 7.744051304971626415e-01
3.910000000000000000e+02 4.691591580219868218e-01 6.818770985078752567e-01
3.920000000000000000e+02 5.415970618651361201e-01 8.514146110772792264e-01
3.930000000000000000e+02 4.937243116383745467e-01 7.210356169489612332e-01
3.940000000000000000e+02 5.060783275607683152e-01 7.011618432214734575e-01
3.950000000000000000e+02 5.465721232019791209e-01 9.060683783848294537e-01
3.960000000000000000e+02 5.055316147207020716e-01 7.273480768772521143e-01
3.970000000000000000e+02 5.210336434669425865e-01 7.520080015744797786e-01
3.980000000000000000e+02 5.850980431521211056e-01 7.419834450089887179e-01
3.990000000000000000e+02 5.179728974958284216e-01 6.884795453109316954e-01
4.000000000000000000e+02 5.145615819479379960e-01 1.159085891008082347e+00
4.010000000000000000e+02 4.931439903371331313e-01 9.291720234124710709e-01
4.020000000000000000e+02 4.926421824599705457e-01 8.548879807605437309e-01
4.030000000000000000e+02 4.799293001230452993e-01 7.754463669101446799e-01
4.040000000000000000e+02 4.926429697803231811e-01 6.856892094181847863e-01
4.050000000000000000e+02 5.455010243550258986e-01 7.387033322980288697e-01
4.060000000000000000e+02 4.994180737894360900e-01 5.944792301162653558e-01
4.070000000000000000e+02 5.324715003687269244e-01 8.747029832031287810e-01
4.080000000000000000e+02 4.668261445352152594e-01 7.359711030505053930e-01
4.090000000000000000e+02 5.146680160206096311e-01 7.182396959757481048e-01
4.100000000000000000e+02 4.868772936730730305e-01 6.975615026776958993e-01
4.110000000000000000e+02 5.417512212784922898e-01 6.615380894563106517e-01
4.120000000000000000e+02 5.410322600356946010e-01 7.810840687734087462e-01
4.130000000000000000e+02 4.711772839025575310e-01 6.861261225159295263e-01
4.140000000000000000e+02 5.562265147587484027e-01 7.543072802911435781e-01
4.150000000000000000e+02 4.833782905433215427e-01 7.182595152200668132e-01
4.160000000000000000e+02 5.305097213357078401e-01 8.727392005389935647e-01
4.170000000000000000e+02 4.809928392491864546e-01 7.480535760650823818e-01
4.180000000000000000e+02 4.656698008306792702e-01 1.037250569193855387e+00
4.190000000000000000e+02 4.822770593713979204e-01 6.588513350899346532e-01
4.200000000000000000e+02 5.428464501273302378e-01 7.857295875938330454e-01
4.210000000000000000e+02 4.654187110876168987e-01 7.301346280960865354e-01
4.220000000000000000e+02 4.913746434719670209e-01 7.459042743124685293e-01
4.230000000000000000e+02 5.134105681633653884e-01 1.098707871914499368e+00
4.240000000000000000e+02 5.462884963014904560e-01 7.540274998460918532e-01
4.250000000000000000e+02 4.904936823455750550e-01 6.638093299712474193e-01
4.260000000000000000e+02 5.242497286170112458e-01 8.605207666036371883e-01
4.270000000000000000e+02 4.620091483169346813e-01 8.020032958135616674e-01
4.280000000000000000e+02 4.933153596244940209e-01 7.026013246425444336e-01
4.290000000000000000e+02 4.632735689531783940e-01 8.644233072643964233e-01
4.300000000000000000e+02 5.404995818474698233e-01 8.968901243728524264e-01
4.310000000000000000e+02 4.221656559681405962e-01 6.876446354227101487e-01
4.320000000000000000e+02 4.749944662014071728e-01 7.013861797796043795e-01
4.330000000000000000e+02 4.996452762612274556e-01 7.134076392252748366e-01
4.340000000000000000e+02 5.185025458047670677e-01 8.196756696818933152e-01
4.350000000000000000e+02 4.875989501573601559e-01 8.353742468637058716e-01
4.360000000000000000e+02 4.445018172788829935e-01 6.286029622640244563e-01
4.370000000000000000e+02 5.046836066646736008e-01 6.827912858154334685e-01
4.380000000000000000e+02 4.309931264394948891e-01 8.621828665102663214e-01
4.390000000000000000e+02 5.896791836554245991e-01 6.841603863813968678e-01
4.400000000000000000e+02 4.191152171364852519e-01 7.280466770212199457e-01
4.410000000000000000e+02 5.307107908933722529e-01 7.282777869951887473e-01
4.420000000000000000e+02 4.079130459933031361e-01 7.843336662639056600e-01
4.430000000000000000e+02 5.286639999322483296e-01 7.012398706378394353e-01
4.440000000000000000e+02 4.859216436976287468e-01 6.507166604913209307e-01
4.450000000000000000e+02 4.599178651157690423e-01 6.803128412096992594e-01
4.460000000000000000e+02 4.904127068152757674e-01 7.343907257535107203e-01
4.470000000000000000e+02 4.934785835143803423e-01 8.083652222554380540e-01
4.480000000000000000e+02 4.119356893870581571e-01 6.878077476958851522e-01
4.490000000000000000e+02 5.429846765840945499e-01 8.792050511050135686e-01
4.500000000000000000e+02 4.270341280771761672e-01 8.317409128282214903e-01
4.510000000000000000e+02 5.018734620465317153e-01 8.312855668651453200e-01
4.520000000000000000e+02 4.521550611597673908e-01 8.248312370149402106e-01
4.530000000000000000e+02 4.216744055097200183e-01 7.619574688126335982e-01
4.540000000000000000e+02 4.999780144261696813e-01 8.834959261202252057e-01
4.550000000000000000e+02 4.982528790679512931e-01 9.092514376410447685e-01
4.560000000000000000e+02 4.536686420422785249e-01 6.790410203603642891e-01
4.570000000000000000e+02 4.664073876345749547e-01 6.789385936463572246e-01
4.580000000000000000e+02 5.236516083989825043e-01 7.244312774265652122e-01
4.590000000000000000e+02 4.179677327102008233e-01 7.159171852988867046e-01
4.600000000000000000e+02 5.099344673205394862e-01 7.676897274770018154e-01
4.610000000000000000e+02 4.718493386245838916e-01 8.198866122143230184e-01
4.620000000000000000e+02 4.200608952658898554e-01 1.245509004563424726e+00
4.630000000000000000e+02 4.527780629649740263e-01 8.640901137636087803e-01
4.640000000000000000e+02 4.209229714038515979e-01 9.751611551631366170e-01
4.650000000000000000e+02 4.874213163797952442e-01 7.163860383817675093e-01
4.660000000000000000e+02 3.944050753591250569e-01 8.820435183009935898e-01
4.670000000000000000e+02 4.782736664025821205e-01 6.960937842745126281e-01
4.680000000000000000e+02 4.543368137460582212e-01 6.664312006663922761e-01
4.690000000000000000e+02 4.286226705831735484e-01 8.275812306569150234e-01
4.700000000000000000e+02 5.281427221430116115e-01 6.826081077748972215e-01
4.710000000000000000e+02 4.602473220893410488e-01 8.124703193182408745e-01
4.720000000000000000e+02 4.153931594410148476e-01 7.791840818668031021e-01
4.730000000000000000e+02 5.205751175115279628e-01 7.386355326408509114e-01
4.740000000000000000e+02 4.381675244403295810e-01 7.600801634258038675e-01
4.750000000000000000e+02 4.929480056874319671e-01 7.181721142549597481e-01
4.760000000000000000e+02 4.724051127805599659e-01 8.571119469087409293e-01
4.770000000000000000e+02 4.704515280164017765e-01 7.336927927910765757e-01
4.780000000000000000e+02 4.072972499558619175e-01 7.122640775514327283e-01
4.790000000000000000e+02 4.449827211971233432e-01 7.847976661730461378e-01
4.800000000000000000e+02 4.310438153891861246e-01 7.044480517414503096e-01
4.810000000000000000e+02 4.083885995953408510e-01 8.062555834153674050e-01
4.820000000000000000e+02 4.006279609641250072e-01 8.585723740208723864e-01
4.830000000000000000e+02 4.882025394977784760e-01 8.357872916535187269e-01
4.840000000000000000e+02 4.645444949479902719e-01 7.544251873407729070e-01
4.850000000000000000e+02 4.346382076666802652e-01 7.427994042303417421e-01
4.860000000000000000e+02 6.115772824662014662e-01 6.722740631168351300e-01
4.870000000000000000e+02 4.003703660350673155e-01 6.820149325911871729e-01
4.880000000000000000e+02 4.467713010649816407e-01 6.962380726051566882e-01
4.890000000000000000e+02 4.247010028615099131e-01 7.250412238395700371e-01
4.900000000000000000e+02 4.902804281400078845e-01 7.709177088531192767e-01
4.910000000000000000e+02 4.483115562806133103e-01 7.003921587181327624e-01
4.920000000000000000e+02 4.104380524196640234e-01 7.696677531830606878e-01
4.930000000000000000e+02 4.773289348779558572e-01 7.430082835874097791e-01
4.940000000000000000e+02 4.761949855817848021e-01 8.816258746702385629e-01
4.950000000000000000e+02 4.473621780262226344e-01 7.097287989222664795e-01
4.960000000000000000e+02 4.229152938087924474e-01 8.270215631562788383e-01
4.970000000000000000e+02 4.357611272467666330e-01 8.118159065140486685e-01
4.980000000000000000e+02 4.824927781726799925e-01 8.587368754727584541e-01
4.990000000000000000e+02 3.992575667390064198e-01 7.815106939179051748e-01
5.000000000000000000e+02 5.115566188774379741e-01 8.879173388439881576e-01
5.010000000000000000e+02 4.164537692699684102e-01 9.403100118354165149e-01
5.020000000000000000e+02 4.570261566918723539e-01 7.934622559028738920e-01
5.030000000000000000e+02 4.726163167934478437e-01 7.848480153732158016e-01
5.040000000000000000e+02 4.934836200424650987e-01 7.060909138621741521e-01
5.050000000000000000e+02 4.511461019972149433e-01 8.180413607908562090e-01
5.060000000000000000e+02 4.459240678844489381e-01 7.243474833897518561e-01
5.070000000000000000e+02 4.695981180777593633e-01 5.808651030284659456e-01
5.080000000000000000e+02 4.340199958352672360e-01 7.664221901681426141e-01
5.090000000000000000e+02 4.112474455338280266e-01 6.302418069285427027e-01
5.100000000000000000e+02 4.048521994101423882e-01 8.407772861982895085e-01
5.110000000000000000e+02 4.225755392002458199e-01 7.338108645823446796e-01
5.120000000000000000e+02 3.960505469482676899e-01 1.006653400227814243e+00
5.130000000000000000e+02 4.469609756137476464e-01 7.281182061314435128e-01
5.140000000000000000e+02 4.752252130818013787e-01 8.791283033097483379e-01
5.150000000000000000e+02 4.385853754133641758e-01 8.635902289849128888e-01
5.160000000000000000e+02 4.030592451015917455e-01 8.604776373015641244e-01
5.170000000000000000e+02 4.544474275840096889e-01 7.954069178537620521e-01
5.180000000000000000e+02 4.204158949095900266e-01 8.633576770795438060e-01
5.190000000000000000e+02 4.521925305678587970e-01 8.870591788710415759e-01
5.200000000000000000e+02 3.934490990655428733e-01 7.790093899362608987e-01
5.210000000000000000e+02 4.928571566170146245e-01 9.309026469995713704e-01
5.220000000000000000e+02 3.967464494211476178e-01 8.204411263813636834e-01
5.230000000000000000e+02 3.340382679933164289e-01 8.609482906068064434e-01
5.240000000000000000e+02 4.760425566458234559e-01 7.265015790430076059e-01
5.250000000000000000e+02 4.509772887187344925e-01 1.143141032738797636e+00
5.260000000000000000e+02 4.077043948232197401e-01 6.642748301639250785e-01
5.270000000000000000e+02 4.246522235340860485e-01 7.275435059562749274e-01
5.280000000000000000e+02 3.895117185259198700e-01 6.985543817465915684e-01
5.290000000000000000e+02 3.967617214847059537e-01 7.288650910108729342e-01
5.300000000000000000e+02 4.420867303428815953e-01 8.189105290564971940e-01
5.310000000000000000e+02 4.461472948290863827e-01 6.951196955514632458e-01
5.320000000000000000e+02 3.666906915030381242e-01 7.926571098776771240e-01
5.330000000000000000e+02 4.679975048882238919e-01 7.295152768216409678e-01
5.340000000000000000e+02 4.275168892832434953e-01 6.946776829779663931e-01
5.350000000000000000e+02 4.717012461923322242e-01 8.936352779160913196e-01
5.360000000000000000e+02 3.966714852923090562e-01 6.552697004582295204e-01
5.370000000000000000e+02 4.730401306557340257e-01 7.219326858614814046e-01
5.380000000000000000e+02 3.616638151084293762e-01 7.411864868495313674e-01
5.390000000000000000e+02 5.382725325774173619e-01 7.171944067416291535e-01
5.400000000000000000e+02 4.486533721598113256e-01 7.737565781041629842e-01
5.410000000000000000e+02 3.704967700279009901e-01 8.163209803614245308e-01
5.420000000000000000e+02 5.076775556164128123e-01 9.116461430256093124e-01
5.430000000000000000e+02 4.001384933549320122e-01 8.675764902265759027e-01
5.440000000000000000e+02 4.320411794647878723e-01 6.913281353501365967e-01
5.450000000000000000e+02 3.975600646728990606e-01 7.779317403163839018e-01
5.460000000000000000e+02 3.844899677667392712e-01 7.604717963705546202e-01
5.470000000000000000e+02 5.014758619195335276e-01 7.682452858304800181e-01
5.480000000000000000e+02 4.506644417284702553e-01 7.721997331482518545e-01
5.490000000000000000e+02 4.068604021990189779e-01 7.043237373030230009e-01
5.500000000000000000e+02 3.551384766602437848e-01 7.907920068657148249e-01
5.510000000000000000e+02 4.869023684640320093e-01 7.743416031447269976e-01
5.520000000000000000e+02 4.375850636486299794e-01 7.822548725696369942e-01
5.530000000000000000e+02 4.339706097178313016e-01 7.807627978224689347e-01
5.540000000000000000e+02 3.952181728280225181e-01 7.268886202934793372e-01
5.550000000000000000e+02 4.182327786532818448e-01 6.066745778980892068e-01
5.560000000000000000e+02 3.978576126707797367e-01 8.436658940886979652e-01
5.570000000000000000e+02 3.941872352807540558e-01 7.486311201701499884e-01
5.580000000000000000e+02 3.683337991949127699e-01 7.267880346925356116e-01
5.590000000000000000e+02 4.534370217992573227e-01 7.022822494117821890e-01
5.600000000000000000e+02 4.049680525658368446e-01 7.580855472568234221e-01
5.610000000000000000e+02 3.692500198982199833e-01 7.895770849491963173e-01
5.620000000000000000e+02 4.051563221819642346e-01 7.083663775393340689e-01
5.630000000000000000e+02 4.209768324720711830e-01 8.635273259708701188e-01
5.640000000000000000e+02 3.986852758977355027e-01 6.993418355070616377e-01
5.650000000000000000e+02 4.452776503066818159e-01 7.335888974746166413e-01
5.660000000000000000e+02 4.038978744955623590e-01 7.500197526403646897e-01
5.670000000000000000e+02 3.951607403909268013e-01 7.240422270059291288e-01
5.680000000000000000e+02 3.936584531962752376e-01 7.443249342762789933e-01
5.690000000000000000e+02 4.522949458492331876e-01 7.793114786537085337e-01
5.700000000000000000e+02 3.880057759585977539e-01 7.944209168956365419e-01
5.710000000000000000e+02 4.321563608600800799e-01 6.529262584573111150e-01
5.720000000000000000e+02 4.231415616006267144e-01 6.839834779537800058e-01
5.730000000000000000e+02 4.831512318868167455e-01 7.708245283741002041e-01
5.740000000000000000e+02 3.819627499737802689e-01 7.207174303357769540e-01
5.750000000000000000e+02 5.043974761153851016e-01 7.184478480677374268e-01
5.760000000000000000e+02 4.290714624867492111e-01 7.203248625780065417e-01
5.770000000000000000e+02 4.038235905523203106e-01 7.566501616842224998e-01
5.780000000000000000e+02 3.613398752101854017e-01 6.584672123304255997e-01
5.790000000000000000e+02 4.594007809946492049e-01 7.954014191963468816e-01
5.800000000000000000e+02 3.893740694133602798e-01 7.992111543200366430e-01
5.810000000000000000e+02 3.811062877192025744e-01 7.109722560651517975e-01
5.820000000000000000e+02 4.407120414510542483e-01 7.907916379652741856e-01
5.830000000000000000e+02 4.268305830690277691e-01 7.279243679954330304e-01
5.840000000000000000e+02 3.696920389626301984e-01 7.198527314606938399e-01
5.850000000000000000e+02 3.790988791985910322e-01 8.245033394126278781e-01
5.860000000000000000e+02 3.787885020760928811e-01 9.168860543938296415e-01
5.870000000000000000e+02 4.588045667139898920e-01 7.101011835453094889e-01
5.880000000000000000e+02 3.814107877390534584e-01 7.071612028609984835e-01
5.890000000000000000e+02 3.809634116875166288e-01 6.514439660922264341e-01
5.900000000000000000e+02 3.763016968834347886e-01 7.589586319675846182e-01
5.910000000000000000e+02 3.828839003920507245e-01 7.911487030894558403e-01
5.920000000000000000e+02 3.827644829465752241e-01 7.923484254531718562e-01
5.930000000000000000e+02 4.489720562879158661e-01 7.569222090712878215e-01
5.940000000000000000e+02 4.516489471302551628e-01 7.344079834716429334e-01
5.950000000000000000e+02 4.208261049523645547e-01 7.333340419384988262e-01
5.960000000000000000e+02 4.015661231884244398e-01 7.685787361690817887e-01
5.970000000000000000e+02 4.215926370629314301e-01 7.140443758263134155e-01
5.980000000000000000e+02 3.415502648083578729e-01 7.171238677021304353e-01
5.990000000000000000e+02 4.005649440297607278e-01 7.090699292525962649e-01
6.000000000000000000e+02 4.231814050361984991e-01 7.527981267871314275e-01
6.010000000000000000e+02 3.924856366450283907e-01 7.047451164283328184e-01
6.020000000000000000e+02 4.035577966647894144e-01 6.879381853511513656e-01
6.030000000000000000e+02 3.592735206594272479e-01 7.773585960508424542e-01
6.040000000000000000e+02 4.186522268966886839e-01 6.939510633830529018e-01
6.050000000000000000e+02 3.650860711878516907e-01 6.626679311576673115e-01
6.060000000000000000e+02 3.988497320450797856e-01 8.604077230425198897e-01
6.070000000000000000e+02 3.951936903310900306e-01 6.680389641241915033e-01
6.080000000000000000e+02 3.947735110298544736e-01 7.347883615269796831e-01
6.090000000000000000e+02 3.568257233437274190e-01 6.952051133543658556e-01
6.100000000000000000e+02 4.684176450588551366e-01 7.404716076750690323e-01
6.110000000000000000e+02 4.306631795379246563e-01 7.472871608654559905e-01
6.120000000000000000e+02 3.994550927203385782e-01 8.090042509460920739e-01
6.130000000000000000e+02 4.170114211615871258e-01 8.416268385679671615e-01
6.140000000000000000e+02 3.323521212918036372e-01 7.080040771527992272e-01
6.150000000000000000e+02 3.900022285730660454e-01 8.435186043068564343e-01
6.160000000000000000e+02 4.214134208032158657e-01 6.781802424983719435e-01
6.170000000000000000e+02 4.276423212908515570e-01 7.256601142647534086e-01
6.180000000000000000e+02 3.522558950707644354e-01 7.172522106483044668e-01
6.190000000000000000e+02 4.010812687290673528e-01 6.958574053678288074e-01
6.200000000000000000e+02 3.930038083724829434e-01 7.758892168957459701e-01
6.210000000000000000e+02 3.832271277854225611e-01 7.684934925384663273e-01
6.220000000000000000e+02 3.557974518257744356e-01 7.626467094433174720e-01
6.230000000000000000e+02 3.822675246997372378e-01 6.451397829209034596e-01
6.240000000000000000e+02 4.138733467885425954e-01 7.890690375022746395e-01
6.250000000000000000e+02 3.622781570420927078e-01 7.205497147273663971e-01
6.260000000000000000e+02 3.474678726151176344e-01 6.964337454443366715e-01
6.270000000000000000e+02 4.050048006584449634e-01 7.657982730600241261e-01
6.280000000000000000e+02 4.735265475328608864e-01 6.760294337944577903e-01
6.290000000000000000e+02 3.603030319855946573e-01 7.383318710680797370e-01
6.300000000000000000e+02 4.231330530387776290e-01 7.626905036061008003e-01
6.310000000000000000e+02 3.334762829346578639e-01 6.842339619423166708e-01
6.320000000000000000e+02 3.699931344827588897e-01 8.622729655986073327e-01
6.330000000000000000e+02 3.540950522434954673e-01 8.762997021191789582e-01
6.340000000000000000e+02 3.973842635398962542e-01 6.817094237164896819e-01
6.350000000000000000e+02 3.160134815116624196e-01 7.693246887405075229e-01
6.360000000000000000e+02 4.439532762127263443e-01 8.330088392618413273e-01
6.370000000000000000e+02 3.335727976137946027e-01 6.792337790555211807e-01
6.380000000000000000e+02 3.793093276177353923e-01 7.052813436103839706e-01
6.390000000000000000e+02 4.076178248642253199e-01 9.786849138321186414e-01
6.400000000000000000e+02 3.321102803611025722e-01 7.520377840040934903e-01
6.410000000000000000e+02 4.005398324176090985e-01 7.584321215214628875e-01
6.420000000000000000e+02 4.256651320902048452e-01 7.377838022334614054e-01
6.430000000000000000e+02 3.938898936468584466e-01 7.271013202419681631e-01
6.440000000000000000e+02 4.256115843172595947e-01 6.393692726257852454e-01
6.450000000000000000e+02 3.677867624717721662e-01 7.646349863746699782e-01
6.460000000000000000e+02 3.667146300478857368e-01 6.916127095853147333e-01
6.470000000000000000e+02 4.034271709957383822e-01 7.598790036438421991e-01
6.480000000000000000e+02 3.144799576944806718e-01 7.142484494575905840e-01
6.490000000000000000e+02 4.132671710483881711e-01 7.747351177985353221e-01
6.500000000000000000e+02 2.792870084862081326e-01 6.921390765087566121e-01
6.510000000000000000e+02 4.521986770064604921e-01 7.696803741903034402e-01
6.520000000000000000e+02 3.610092579034982485e-01 5.995702727321347014e-01
6.530000000000000000e+02 3.825054978381614568e-01 7.203136928591357124e-01
6.540000000000000000e+02 3.218222059157430093e-01 7.017337742488375385e-01
6.550000000000000000e+02 4.520853560941130445e-01 6.328722778592622555e-01
6.560000000000000000e+02 3.337169831722529567e-01 7.861240463439554960e-01
6.570000000000000000e+02 3.294028909686876894e-01 7.632353427015217129e-01
6.580000000000000000e+02 3.960492918508795590e-01 6.369684493291215555e-01
6.590000000000000000e+02 3.599567917384663418e-01 8.241847307042521331e-01
6.600000000000000000e+02 4.384935714784456429e-01 8.008379841175008451e-01
6.610000000000000000e+02 3.446358996338728109e-01 7.994557994847244498e-01
6.620000000000000000e+02 4.040747381201167943e-01 7.835196347260210414e-01
6.630000000000000000e+02 4.056179848747427097e-01 8.637970583547914805e-01
6.640000000000000000e+02 3.336366461561497410e-01 8.166419205765789169e-01
6.650000000000000000e+02 3.781426085957458882e-01 7.119609942689666404e-01
6.660000000000000000e+02 4.077400188679368154e-01 7.792520369823252580e-01
6.670000000000000000e+02 3.964401034220140785e-01 8.343107760762991099e-01
6.680000000000000000e+02 2.991303910680559452e-01 7.265616821859616214e-01
6.690000000000000000e+02 3.864816620749156328e-01 7.081542472609483330e-01
6.700000000000000000e+02 4.211358302018317068e-01 7.174251888532131582e-01
6.710000000000000000e+02 4.314158998283685320e-01 6.860217320904301586e-01
6.720000000000000000e+02 3.601042664876314414e-01 7.076367545039455864e-01
6.730000000000000000e+02 3.871144149412198421e-01 8.074146008904107275e-01
6.740000000000000000e+02 3.572951242202470068e-01 7.530544969001128353e-01
6.750000000000000000e+02 4.220977773734119753e-01 7.451072340400610727e-01
6.760000000000000000e+02 3.743115681828427799e-01 7.682075128419731946e-01
6.770000000000000000e+02 3.019126983726916902e-01 8.089430819925182981e-01
6.780000000000000000e+02 4.058901736084200573e-01 8.429572543932863926e-01
6.790000000000000000e+02 3.495338596215769034e-01 7.525963761161078569e-01
6.800000000000000000e+02 3.611881516680043869e-01 7.929513166360419030e-01
6.810000000000000000e+02 3.871304811740599039e-01 7.035249732480797213e-01
6.820000000000000000e+02 3.661062656700486695e-01 6.800534640460728086e-01
6.830000000000000000e+02 3.489482290282541199e-01 7.487311442791310112e-01
6.840000000000000000e+02 3.630225165241381946e-01 6.358919573213320797e-01
6.850000000000000000e+02 3.772920041954388459e-01 7.583377860090494416e-01
6.860000000000000000e+02 3.599868550401728040e-01 7.066009876459873329e-01
6.870000000000000000e+02 3.739148025311866408e-01 7.917390833384321258e-01
6.880000000000000000e+02 3.684804426044785974e-01 1.117571636794966183e+00
6.890000000000000000e+02 3.781068057805693217e-01 8.073043260350363237e-01
6.900000000000000000e+02 3.564146799867560778e-01 8.277857923979222710e-01
6.910000000000000000e+02 3.850637823951487682e-01 7.729278527319947134e-01
6.920000000000000000e+02 3.556942472485553619e-01 8.172631503919736140e-01
6.930000000000000000e+02 3.588020751587435164e-01 7.287323154389342417e-01
6.940000000000000000e+02 3.593940905335188951e-01 7.920964075107361779e-01
6.950000000000000000e+02 3.542154516933821995e-01 7.481088467375162088e-01
6.960000000000000000e+02 3.584541305989062954e-01 7.936420120915906873e-01
6.970000000000000000e+02 3.842456621043727205e-01 6.635113973700071943e-01
6.980000000000000000e+02 3.391702966315119361e-01 7.423104343956569151e-01
6.990000000000000000e+02 3.475456104392097290e-01 6.193660745219925490e-01
7.000000000000000000e+02 3.690303113626069442e-01 6.964937433029428915e-01
7.010000000000000000e+02 3.447872557583786524e-01 7.031005055117518499e-01
7.020000000000000000e+02 3.143456616142646376e-01 6.710119892846521106e-01
7.030000000000000000e+02 3.384557663714613529e-01 7.144887924046982031e-01
7.040000000000000000e+02 3.488321632576160680e-01 9.260922209883502010e-01
7.050000000000000000e+02 4.239211577637379547e-01 7.108219248255339684e-01
7.060000000000000000e+02 3.460342892426617190e-01 8.973733065154849697e-01
7.070000000000000000e+02 3.487821472944907519e-01 7.650262667015839124e-01
7.080000000000000000e+02 3.707939382599276801e-01 8.283104386700982369e-01
7.090000000000000000e+02 3.622235654711293829e-01 7.280252968572420436e-01
7.100000000000000000e+02 3.287836126968258776e-01 7.016038919703480037e-01
7.110000000000000000e+02 4.017099704752926104e-01 7.004540676828957535e-01
7.120000000000000000e+02 3.637629054841541310e-01 8.136925838786385201e-01
7.130000000000000000e+02 3.348340053041251041e-01 7.921443546952954273e-01
7.140000000000000000e+02 3.627428351747555291e-01 7.500226457127828761e-01
7.150000000000000000e+02 3.864746863696993939e-01 8.039128879092090063e-01
7.160000000000000000e+02 3.245401662127787579e-01 7.845561208182713075e-01
7.170000000000000000e+02 3.384041581369963136e-01 8.005904371865157909e-01
7.180000000000000000e+02 3.838997529155495636e-01 7.439705328682002516e-01
7.190000000000000000e+02 3.686241062892441911e-01 8.126661403217481094e-01
7.200000000000000000e+02 3.475324902941389626e-01 7.506827516078359297e-01
7.210000000000000000e+02 3.049065800965810036e-01 8.686410076685977533e-01
7.220000000000000000e+02 3.659903645059283672e-01 7.635557952121692082e-01
7.230000000000000000e+02 3.816762037685557662e-01 8.347961817153157771e-01
7.240000000000000000e+02 3.617735700377999741e-01 8.978665110796726356e-01
7.250000000000000000e+02 3.426193971522286663e-01 8.161699203095124089e-01
7.260000000000000000e+02 3.231349730513104479e-01 7.121840260821602486e-01
7.270000000000000000e+02 3.398127876678291859e-01 7.567400756960893649e-01
7.280000000000000000e+02 4.242121607530303096e-01 7.461144678082837212e-01
7.290000000000000000e+02 3.271805537107594919e-01 6.916157317397326754e-01
7.300000000000000000e+02 3.465465504451005763e-01 7.349989381797233934e-01
7.310000000000000000e+02 3.241536231792750411e-01 7.097721149953835074e-01
7.320000000000000000e+02 4.062736500187271171e-01 6.752553292641091387e-01
7.330000000000000000e+02 3.379718710144026805e-01 7.663964855361485862e-01
7.340000000000000000e+02 3.410119865120959659e-01 7.586148423229071014e-01
7.350000000000000000e+02 3.493313248799581050e-01 8.695999144476335152e-01
7.360000000000000000e+02 2.930462626110510449e-01 7.871540549806375076e-01
7.370000000000000000e+02 3.519135319000604167e-01 7.762672655072583305e-01
7.380000000000000000e+02 3.132745394455970778e-01 7.675013598169767581e-01
7.390000000000000000e+02 5.141616740325490875e-01 8.495270069066909180e-01
7.400000000000000000e+02 3.100580867944883745e-01 7.572307524781292098e-01
7.410000000000000000e+02 3.719693701903597494e-01 8.194317100074588467e-01
7.420000000000000000e+02 3.179843865182934715e-01 7.147199521106016862e-01
7.430000000000000000e+02 3.851576081320208234e-01 8.079567110287980691e-01
7.440000000000000000e+02 3.182549833995189092e-01 7.861908882745853866e-01
7.450000000000000000e+02 4.171370821721365751e-01 6.922781895500768057e-01
7.460000000000000000e+02 3.151633071691906651e-01 8.137603133216924078e-01
7.470000000000000000e+02 3.127538304091716514e-01 7.864587698937641758e-01
7.480000000000000000e+02 3.858980048759406145e-01 8.454217164419195463e-01
7.490000000000000000e+02 3.590872979798570563e-01 6.064846956243621356e-01
7.500000000000000000e+02 3.417653139911684401e-01 6.867003392230153214e-01
7.510000000000000000e+02 3.455822384600018560e-01 1.236834519873148741e+00
7.520000000000000000e+02 3.786634213614220590e-01 6.551094390405860501e-01
7.530000000000000000e+02 3.347825400846172750e-01 7.052439647198313066e-01
7.540000000000000000e+02 3.623690383926946312e-01 7.164198220586599497e-01
7.550000000000000000e+02 3.707181258914594157e-01 7.623573759724978638e-01
7.560000000000000000e+02 3.618163102287418886e-01 8.182225118314084833e-01
7.570000000000000000e+02 3.136988755844745125e-01 6.595366714321932999e-01
7.580000000000000000e+02 3.434621361809376272e-01 7.367029769164228359e-01
7.590000000000000000e+02 3.362624395222795770e-01 7.415683778608390675e-01
7.600000000000000000e+02 3.198448586068591282e-01 6.880976360277427650e-01
7.610000000000000000e+02 3.412892659147437335e-01 8.992260180238740297e-01
7.620000000000000000e+02 3.186370033450296457e-01 7.477037890437802092e-01
7.630000000000000000e+02 3.913127411456526206e-01 7.437124554394791698e-01
7.640000000000000000e+02 3.770179217847502984e-01 6.195982497171653725e-01
7.650000000000000000e+02 3.239839913106623004e-01 8.734801728439567370e-01
7.660000000000000000e+02 3.713550065086907992e-01 7.225257886207590019e-01
7.670000000000000000e+02 3.271032018487861071e-01 6.783748054681218997e-01
7.680000000000000000e+02 3.911638647031669414e-01 7.576242893823734725e-01
7.690000000000000000e+02 3.058481752276182020e-01 8.147256132698766917e-01
7.700000000000000000e+02 3.619721999429926784e-01 8.087233665994424392e-01
7.710000000000000000e+02 3.435516610270550331e-01 7.158510942836332491e-01
7.720000000000000000e+02 3.388555960614187956e-01 8.970279211756325699e-01
7.730000000000000000e+02 3.485788253127407588e-01 7.018766248476667746e-01
7.740000000000000000e+02 3.885266733198177169e-01 6.923315539790320106e-01
7.750000000000000000e+02 3.160132403932318090e-01 7.215703056828201012e-01
7.760000000000000000e+02 3.576528863877761477e-01 8.137752206717492331e-01
7.770000000000000000e+02 2.866353695764213283e-01 7.061489399785016996e-01
7.780000000000000000e+02 4.043074416465499699e-01 7.731652805036018927e-01
7.790000000000000000e+02 3.056254899921584944e-01 6.698082809984610142e-01
7.800000000000000000e+02 3.566815994021033109e-01 6.641813297059538934e-01
7.810000000000000000e+02 3.991662043590648579e-01 6.606487722420427700e-01
7.820000000000000000e+02 3.006598992352964572e-01 6.430508652414173021e-01
7.830000000000000000e+02 3.348688253620807354e-01 7.988628703083184845e-01
7.840000000000000000e+02 3.346397617319766260e-01 7.786333275077075289e-01
7.850000000000000000e+02 3.454543023478655606e-01 7.254856840347035929e-01
7.860000000000000000e+02 3.390318699351020926e-01 8.066442159403977019e-01
7.870000000000000000e+02 3.037998186821649349e-01 6.866505811329383091e-01
7.880000000000000000e+02 3.452425754668951852e-01 8.507686364930698852e-01
7.890000000000000000e+02 3.240886641579086569e-01 7.064968021528976738e-01
7.900000000000000000e+02 3.849298629541547667e-01 8.339658767832224262e-01
7.910000000000000000e+02 3.266339441742740490e-01 7.917015122984188968e-01
7.920000000000000000e+02 3.179798751562630810e-01 6.642545638479320225e-01
7.930000000000000000e+02 3.551548399690057090e-01 6.982562427025642560e-01
7.940000000000000000e+02 3.154334847446010892e-01 7.580225872168288026e-01
7.950000000000000000e+02 3.257238972921665532e-01 8.114645645409196417e-01
7.960000000000000000e+02 3.309597308466843968e-01 7.430262150074848915e-01
7.970000000000000000e+02 3.101416287445077358e-01 6.399192935309392372e-01
7.980000000000000000e+02 3.349227897295144474e-01 7.763015120226903765e-01
7.990000000000000000e+02 3.625566703479449204e-01 7.983491622620666472e-01
8.000000000000000000e+02 3.015469882102096433e-01 8.840652890641550465e-01
8.010000000000000000e+02 3.289356344482716743e-01 6.932292881943239449e-01
8.020000000000000000e+02 3.437779529111869015e-01 8.437015053957737099e-01
8.030000000000000000e+02 3.223675626308835085e-01 7.233928814806661611e-01
8.040000000000000000e+02 3.142918671391495833e-01 7.125925710528389079e-01
8.050000000000000000e+02 2.986259737185069651e-01 6.893871176080739183e-01
8.060000000000000000e+02 3.368206777812371988e-01 7.135091364310021111e-01
8.070000000000000000e+02 3.283599986427542805e-01 7.952254581805064948e-01
8.080000000000000000e+02 3.506692555324942284e-01 6.989503253817705986e-01
8.090000000000000000e+02 3.293270874710357843e-01 6.982162876977908716e-01
8.100000000000000000e+02 3.335575410449991285e-01 7.906648100380254673e-01
8.110000000000000000e+02 3.559499616609090866e-01 7.635164281493801441e-01
8.120000000000000000e+02 3.022175886619326568e-01 6.779782090552510798e-01
8.130000000000000000e+02 3.403610974425027580e-01 7.199589496637304187e-01
8.140000000000000000e+02 3.246796714634645475e-01 6.913725862691664226e-01
8.150000000000000000e+02 3.387530876355631104e-01 7.666613498635875823e-01
8.160000000000000000e+02 2.921513094597694704e-01 6.464676923303874778e-01
8.170000000000000000e+02 3.952580822401401406e-01 6.995772474039028133e-01
8.180000000000000000e+02 3.561330317723460093e-01 7.167847551433058628e-01
8.190000000000000000e+02 3.126641945082361818e-01 7.125802708349946446e-01
8.200000000000000000e+02 3.421441075025724587e-01 6.244766978162475946e-01
8.210000000000000000e+02 3.256228300411493914e-01 7.517069533227842548e-01
8.220000000000000000e+02 3.292913317155627961e-01 7.444714902357942865e-01
8.230000000000000000e+02 2.895009167960473362e-01 7.170383392364634290e-01
8.240000000000000000e+02 3.393105209684696422e-01 7.580525556807170551e-01
8.250000000000000000e+02 3.518132005550232422e-01 7.364328676749513081e-01
8.260000000000000000e+02 2.934254496824555414e-01 6.921074397042301651e-01
8.270000000000000000e+02 3.707240489958857910e-01 7.959491618631502341e-01
8.280000000000000000e+02 3.130440072966318432e-01 7.362345518965656144e-01
8.290000000000000000e+02 2.976821428575531225e-01 7.009469707610432865e-01
8.300000000000000000e+02 3.988791155647866682e-01 7.427115677608400190e-01
8.310000000000000000e+02 3.056087250755328277e-01 6.987740284727589346e-01
8.320000000000000000e+02 3.442096068578607837e-01 7.825793997466342633e-01
8.330000000000000000e+02 2.981795488082680246e-01 6.587317529213885248e-01
8.340000000000000000e+02 3.092951181424813956e-01 7.190461276635545795e-01
8.350000000000000000e+02 3.358024677389518375e-01 6.878745719440493289e-01
8.360000000000000000e+02 3.560511607448665350e-01 7.266649469014887508e-01
8.370000000000000000e+02 3.076226962315735669e-01 7.395764079465264595e-01
8.380000000000000000e+02 3.220647320622394005e-01 7.145707984495222043e-01
8.390000000000000000e+02 2.998982796407475560e-01 8.645732478688762379e-01
8.400000000000000000e+02 3.443007748906259380e-01 7.678814903914706891e-01
8.410000000000000000e+02 3.623702976928681596e-01 5.942479684414763152e-01
8.420000000000000000e+02 2.891131987501604494e-01 8.195955380521097178e-01
8.430000000000000000e+02 3.511765048820145174e-01 7.619052750365843396e-01
8.440000000000000000e+02 3.573211297983167056e-01 6.835152014297961598e-01
8.450000000000000000e+02 3.023681760621385606e-01 7.579692030424535210e-01
8.460000000000000000e+02 3.136654471864505633e-01 7.515682742386430304e-01
8.470000000000000000e+02 3.179359480609335042e-01 7.222531216106249374e-01
8.480000000000000000e+02 3.895494124414969339e-01 6.977459492877917668e-01
8.490000000000000000e+02 3.034909181236962183e-01 7.782907479330989364e-01
8.500000000000000000e+02 3.185435924710345867e-01 7.087918237054303683e-01
8.510000000000000000e+02 3.059577871008175021e-01 7.497266492678591465e-01
8.520000000000000000e+02 3.475082707496321976e-01 9.343267360930095355e-01
8.530000000000000000e+02 3.092750271603587064e-01 9.219671876822472800e-01
8.540000000000000000e+02 3.382909270847926364e-01 7.803046071927244309e-01
8.550000000000000000e+02 2.978999940346793718e-01 8.226379336621174598e-01
8.560000000000000000e+02 3.563487602411961053e-01 8.367205619517303905e-01
8.570000000000000000e+02 3.343020626628885328e-01 6.640862388575474728e-01
8.580000000000000000e+02 3.178965753867846744e-01 7.846258902284506398e-01
8.590000000000000000e+02 3.347711517985430540e-01 7.211142751136138118e-01
8.600000000000000000e+02 3.029527953084634184e-01 7.349489121266141733e-01
8.610000000000000000e+02 2.983408593449319857e-01 7.933028353601510041e-01
8.620000000000000000e+02 3.083753930098440676e-01 7.486374710487346817e-01
8.630000000000000000e+02 3.140247772439833107e-01 7.175086712365686958e-01
8.640000000000000000e+02 3.133948166303488492e-01 6.690423735434694041e-01
8.650000000000000000e+02 3.099316401689612421e-01 7.044121448424897070e-01
8.660000000000000000e+02 3.048090031477106443e-01 7.958856516774416301e-01
8.670000000000000000e+02 3.256233427132449454e-01 7.477889511876996131e-01
8.680000000000000000e+02 3.345116034668891292e-01 7.615967533644404375e-01
8.690000000000000000e+02 3.065067734287566514e-01 7.817245854435509456e-01
8.700000000000000000e+02 3.805872676872453231e-01 8.025447861078496281e-01
8.710000000000000000e+02 3.179111130669766694e-01 7.634868430266127382e-01
8.720000000000000000e+02 3.150646875779024580e-01 7.293685858122940235e-01
8.730000000000000000e+02 3.192404528172696487e-01 6.740019187349618468e-01
8.740000000000000000e+02 2.994195673717599537e-01 7.510842906382528827e-01
8.750000000000000000e+02 3.090328661250132947e-01 7.776349821992504241e-01
8.760000000000000000e+02 3.357683423067293615e-01 8.297039978436397956e-01
8.770000000000000000e+02 3.519293149693959455e-01 7.314018212231186977e-01
8.780000000000000000e+02 2.873205585019881214e-01 8.250594050686792524e-01
8.790000000000000000e+02 3.196942409213517355e-01 8.403403619016498460e-01
8.800000000000000000e+02 3.188766451109023570e-01 7.869940207090012629e-01
8.810000000000000000e+02 3.031080121544896810e-01 8.478488522790124104e-01
8.820000000000000000e+02 3.181086588807466864e-01 6.258392486495641949e-01
8.830000000000000000e+02 3.046872434090404091e-01 7.072805164770967767e-01
8.840000000000000000e+02 2.899243485085627459e-01 6.945585492809563943e-01
8.850000000000000000e+02 3.212520080024884317e-01 7.053546629965821158e-01
8.860000000000000000e+02 3.246003917798179206e-01 6.806481661106953407e-01
8.870000000000000000e+02 3.778257437411094988e-01 7.169427388383372568e-01
8.880000000000000000e+02 2.673901738680186657e-01 7.096479930748014198e-01
8.890000000000000000e+02 2.947037906492171455e-01 7.721384133779810588e-01
8.900000000000000000e+02 3.115238615408951195e-01 8.375776491884248109e-01
8.910000000000000000e+02 3.097278575174042259e-01 7.499896640093866029e-01
8.920000000000000000e+02 3.037231033017225856e-01 7.876090959948574000e-01
8.930000000000000000e+02 3.100882987658373779e-01 6.716612038123150885e-01
8.940000000000000000e+02 3.118519865545858472e-01 6.878273657284796894e-01
8.950000000000000000e+02 2.917619599943974129e-01 6.871270566110410094e-01
8.960000000000000000e+02 3.233412472139887694e-01 7.765044905936024922e-01
8.970000000000000000e+02 2.907364100826029807e-01 7.410472676397401592e-01
8.980000000000000000e+02 3.124716976352506781e-01 7.858261372456591953e-01
8.990000000000000000e+02 3.243950067746157462e-01 6.513041875271037284e-01
9.000000000000000000e+02 2.914713375470122103e-01 7.511736697923709905e-01
9.010000000000000000e+02 3.034275116348991719e-01 7.484193689596225774e-01
9.020000000000000000e+02 3.047547412412364154e-01 8.424793253428266571e-01
9.030000000000000000e+02 3.090568940417200983e-01 7.361570374927355331e-01
9.040000000000000000e+02 3.250335442084892335e-01 7.874604571882373172e-01
9.050000000000000000e+02 2.926514326273894073e-01 7.518110930993323615e-01
9.060000000000000000e+02 3.369520440942146977e-01 7.738465290281769660e-01
9.070000000000000000e+02 3.022652983498506640e-01 8.744669446102326660e-01
9.080000000000000000e+02 2.927355343792714115e-01 7.258546507108049051e-01
9.090000000000000000e+02 3.343438793106430218e-01 7.839788277305395070e-01
9.100000000000000000e+02 3.058033670232790935e-01 7.861293099719307564e-01
9.110000000000000000e+02 3.305142610394606328e-01 7.583840121739580109e-01
9.120000000000000000e+02 2.937099478226535276e-01 7.271740890403908253e-01
9.130000000000000000e+02 3.278465120152666001e-01 7.906810561717662056e-01
9.140000000000000000e+02 3.008017442938612507e-01 7.515096812519360681e-01
9.150000000000000000e+02 2.970974778338354438e-01 7.485262649168337168e-01
9.160000000000000000e+02 3.001351028156399314e-01 8.345398726068409267e-01
9.170000000000000000e+02 3.098301375708898409e-01 9.272826489323591215e-01
9.180000000000000000e+02 2.808310129967819813e-01 8.281533489710615203e-01
9.190000000000000000e+02 3.145494187364772931e-01 7.477526240354710474e-01
9.200000000000000000e+02 3.149202111548747851e-01 7.310992737193632296e-01
9.210000000000000000e+02 2.851411357492196763e-01 7.672792700371430241e-01
9.220000000000000000e+02 3.463593126416635859e-01 6.978896193952289773e-01
9.230000000000000000e+02 3.029364124161093019e-01 6.923148413965817261e-01
9.240000000000000000e+02 3.001407503437738544e-01 8.002150717418184955e-01
9.250000000000000000e+02 2.913555562591590986e-01 1.088291915002358445e+00
9.260000000000000000e+02 2.990583833687159299e-01 8.161117365982093474e-01
9.270000000000000000e+02 3.314160036838132983e-01 8.072999643601652675e-01
9.280000000000000000e+02 3.354448590327759328e-01 7.413087925598559336e-01
9.290000000000000000e+02 3.051464046941561037e-01 6.974629970504562237e-01
9.300000000000000000e+02 3.016077692232498331e-01 7.333826710031412510e-01
9.310000000000000000e+02 3.290681700621332362e-01 8.302578911351037316e-01
9.320000000000000000e+02 2.785523139629043632e-01 6.714758835410600257e-01
9.330000000000000000e+02 3.315339876084720250e-01 7.202795186944591643e-01
9.340000000000000000e+02 2.918891001416712427e-01 7.335983416058666773e-01
9.350000000000000000e+02 3.219984164651559233e-01 6.983064494852082582e-01
9.360000000000000000e+02 2.743755843959936325e-01 7.232386175870011424e-01
9.370000000000000000e+02 3.647082305934821189e-01 7.208728915534001747e-01
9.380000000000000000e+02 2.773997288771367642e-01 7.881293385226293413e-01
9.390000000000000000e+02 2.927258265945984483e-01 8.087348064179767926e-01
9.400000000000000000e+02 2.824161369715705305e-01 7.544166026510326084e-01
9.410000000000000000e+02 3.054249044679173686e-01 7.809974459104691569e-01
9.420000000000000000e+02 2.865844323698963358e-01 9.782886569225891504e-01
9.430000000000000000e+02 3.188053319529563501e-01 7.060440924612642055e-01
9.440000000000000000e+02 2.879317461478324014e-01 6.960430904136157837e-01
9.450000000000000000e+02 2.962382589664016574e-01 8.440925283691349534e-01
9.460000000000000000e+02 2.902781751863484638e-01 7.706362313334226277e-01
9.470000000000000000e+02 3.263921865907942199e-01 8.042357924436903671e-01
9.480000000000000000e+02 3.215846049846435295e-01 8.690582196998359876e-01
9.490000000000000000e+02 3.276545372162880110e-01 8.058122144493979899e-01
9.500000000000000000e+02 2.722742486997049571e-01 7.766567969646382963e-01
9.510000000000000000e+02 3.288929488916365051e-01 8.116934382723937080e-01
9.520000000000000000e+02 2.974396780969537080e-01 6.358239332441936176e-01
9.530000000000000000e+02 3.311797713562451007e-01 9.028048594890919487e-01
9.540000000000000000e+02 3.137321774372641148e-01 8.131115095429720663e-01
9.550000000000000000e+02 2.738487585785207568e-01 7.093897307906369409e-01
9.560000000000000000e+02 3.002601474601061526e-01 7.368285532198082244e-01
9.570000000000000000e+02 2.771775329447522251e-01 8.351027983228119789e-01
9.580000000000000000e+02 2.811742572163810627e-01 7.547019871852012063e-01
9.590000000000000000e+02 3.150504539791895708e-01 6.901365700551989057e-01
9.600000000000000000e+02 2.829208894174735089e-01 8.272056691578792975e-01
9.610000000000000000e+02 3.055691795290207957e-01 8.007963905375731217e-01
9.620000000000000000e+02 3.093223379201152645e-01 7.975148886479023203e-01
9.630000000000000000e+02 3.166251646620886762e-01 7.628579742386845108e-01
9.640000000000000000e+02 3.059986098748104233e-01 7.270547855180332641e-01
9.650000000000000000e+02 2.678313529004855975e-01 8.043124722167205309e-01
9.660000000000000000e+02 3.305959841426537871e-01 7.043291045207764611e-01
9.670000000000000000e+02 2.941184718237847551e-01 7.285775280706078272e-01
9.680000000000000000e+02 2.897438588671155113e-01 7.467151233380745490e-01
9.690000000000000000e+02 2.905483963538189052e-01 7.838721798435867028e-01
9.700000000000000000e+02 2.940214338870882349e-01 7.317253940627070907e-01
9.710000000000000000e+02 3.333545539118185630e-01 8.274792915368993640e-01
9.720000000000000000e+02 2.739520103347544699e-01 6.561483113815816948e-01
9.730000000000000000e+02 2.888142720288207621e-01 7.423277773580091443e-01
9.740000000000000000e+02 3.044025018721783216e-01 7.444441718577748945e-01
9.750000000000000000e+02 2.933529140447164174e-01 8.020028944215904509e-01
9.760000000000000000e+02 2.916717959605917843e-01 7.069689861702536104e-01
9.770000000000000000e+02 3.052757062068601757e-01 7.196762693311434811e-01
9.780000000000000000e+02 2.745166997448736934e-01 7.833514044841818347e-01
9.790000000000000000e+02 3.031373417689925409e-01 7.756261732728578773e-01
9.800000000000000000e+02 3.182147718325000763e-01 9.425964570605416259e-01
9.810000000000000000e+02 3.106328271970409394e-01 7.670657360656889523e-01
9.820000000000000000e+02 2.689014568394210158e-01 7.559834067400070801e-01
9.830000000000000000e+02 2.808173801205834930e-01 8.259121186211613175e-01
9.840000000000000000e+02 3.074532195717012972e-01 8.651084339957596514e-01
9.850000000000000000e+02 3.600097580354850169e-01 7.298168428748735836e-01
9.860000000000000000e+02 2.689358179249158876e-01 8.039578542721138588e-01
9.870000000000000000e+02 2.881936157403253707e-01 7.323822650243384524e-01
9.880000000000000000e+02 2.969050727805503387e-01 8.589537792064351196e-01
9.890000000000000000e+02 2.886813108088160384e-01 6.682527130849577057e-01
9.900000000000000000e+02 2.875468476145875418e-01 7.476072268668741971e-01
9.910000000000000000e+02 3.314271830138610375e-01 8.350289301907618533e-01
9.920000000000000000e+02 3.044662226016829343e-01 8.174147089420643608e-01
9.930000000000000000e+02 2.742551057970299411e-01 6.782216178472021406e-01
9.940000000000000000e+02 3.153497139755941925e-01 6.538533642795972822e-01
9.950000000000000000e+02 3.059295770572442730e-01 6.758098500620743909e-01
9.960000000000000000e+02 2.793887572939179331e-01 7.615631700888257916e-01
9.970000000000000000e+02 2.679757022199367178e-01 7.048821700518151934e-01
9.980000000000000000e+02 3.324300487860053499e-01 8.097931468589933957e-01
9.990000000000000000e+02 2.832242507393620823e-01 7.185126361799770711e-01
1.000000000000000000e+03 2.687343605698979676e-01 6.742294262749303213e-01
